  2010 	      1 	      1 	  -4.300 	  1.267 	  0.453 
  2010 	      1 	      2 	  -9.263 	  0.703 	  0.439 
  2010 	      1 	      3 	  -14.600 	  0.312 	  0.435 
  2010 	      1 	      4 	  -9.487 	  0.438 	  0.431 
  2010 	      1 	      5 	  -8.463 	  0.425 	  0.427 
  2010 	      1 	      6 	  -8.792 	  0.516 	  0.421 
  2010 	      1 	      7 	  -9.058 	  0.617 	  0.410 
  2010 	      1 	      8 	  -7.504 	  1.225 	  0.405 
  2010 	      1 	      9 	  -10.396 	  1.204 	  0.389 
  2010 	      1 	     10 	  -10.967 	  0.992 	  0.369 
  2010 	      1 	     11 	  -8.217 	  1.151 	  0.355 
  2010 	      1 	     12 	  -6.325 	  1.413 	  0.355 
  2010 	      1 	     13 	  -5.546 	  1.054 	  0.351 
  2010 	      1 	     14 	  -5.429 	  1.072 	  0.345 
  2010 	      1 	     15 	  -6.504 	  0.838 	  0.334 
  2010 	      1 	     16 	  -4.983 	  0.994 	  0.324 
  2010 	      1 	     17 	  -2.696 	  1.741 	  0.338 
  2010 	      1 	     18 	  -5.138 	  1.642 	  0.333 
  2010 	      1 	     19 	  -7.104 	  0.826 	  0.330 
  2010 	      1 	     20 	  -6.854 	  0.782 	  0.325 
  2010 	      1 	     21 	  -4.300 	  1.641 	  0.322 
  2010 	      1 	     22 	  -9.571 	  0.584 	  0.299 
  2010 	      1 	     23 	  -6.362 	  0.549 	  0.275 
  2010 	      1 	     24 	  -4.712 	  0.860 	  0.258 
  2010 	      1 	     25 	  -6.096 	  0.967 	  0.258 
  2010 	      1 	     26 	  -8.904 	  0.997 	  0.267 
  2010 	      1 	     27 	  -10.671 	  0.510 	  0.294 
  2010 	      1 	     28 	  -7.333 	  1.191 	  0.309 
  2010 	      1 	     29 	  -7.342 	  1.249 	  0.299 
  2010 	      1 	     30 	  -9.333 	  1.016 	  0.295 
  2010 	      1 	     31 	  -13.321 	  0.451 	  0.295 
  2010 	      2 	      1 	  -12.842 	  0.377 	  0.294 
  2010 	      2 	      2 	  -9.637 	  0.761 	  0.293 
  2010 	      2 	      3 	  -4.854 	  1.458 	  0.292 
  2010 	      2 	      4 	  -3.775 	  1.088 	  0.294 
  2010 	      2 	      5 	  -0.500 	  1.422 	  0.309 
  2010 	      2 	      6 	  -3.354 	  1.624 	  0.337 
  2010 	      2 	      7 	  -5.058 	  1.666 	  0.323 
  2010 	      2 	      8 	  -9.021 	  0.367 	  0.335 
  2010 	      2 	      9 	  -8.162 	  0.413 	  0.332 
  2010 	      2 	     10 	  -9.137 	  0.973 	  0.323 
  2010 	      2 	     11 	  -13.579 	  0.664 	  0.305 
  2010 	      2 	     12 	  -12.771 	  0.404 	  0.305 
  2010 	      2 	     13 	  -11.942 	  0.321 	  0.313 
  2010 	      2 	     14 	  -11.279 	  0.365 	  0.303 
  2010 	      2 	     15 	  -9.925 	  0.438 	  0.308 
  2010 	      2 	     16 	  -6.738 	  0.778 	  0.305 
  2010 	      2 	     17 	  -0.867 	  1.455 	  0.306 
  2010 	      2 	     18 	   0.038 	  2.019 	  0.306 
  2010 	      2 	     19 	  -0.196 	  1.826 	  0.308 
  2010 	      2 	     20 	  -6.654 	  1.293 	  0.301 
  2010 	      2 	     21 	  -6.525 	  0.754 	  0.293 
  2010 	      2 	     22 	  -0.796 	  1.537 	  0.294 
  2010 	      2 	     23 	   0.625 	  2.080 	  0.297 
  2010 	      2 	     24 	  -0.092 	  2.208 	  0.297 
  2010 	      2 	     25 	   1.171 	  2.292 	  0.299 
  2010 	      2 	     26 	  -0.987 	  1.786 	  0.304 
  2010 	      2 	     27 	  -2.521 	  1.286 	  0.291 
  2010 	      2 	     28 	   1.025 	  1.787 	  0.296 
  2010 	      3 	      1 	  -1.379 	  1.455 	  0.299 
  2010 	      3 	      2 	  -1.354 	  1.914 	  0.302 
  2010 	      3 	      3 	  -1.442 	  1.444 	  0.298 
  2010 	      3 	      4 	  -3.383 	  1.975 	  0.300 
  2010 	      3 	      5 	  -9.983 	  0.728 	  0.281 
  2010 	      3 	      6 	  -11.421 	  0.346 	  0.275 
  2010 	      3 	      7 	  -12.246 	  0.305 	  0.274 
  2010 	      3 	      8 	  -11.737 	  0.334 	  0.284 
  2010 	      3 	      9 	  -13.508 	  0.352 	  0.309 
  2010 	      3 	     10 	  -8.746 	  0.829 	  0.291 
  2010 	      3 	     11 	  -8.096 	  1.608 	  0.283 
  2010 	      3 	     12 	  -7.208 	  1.483 	  0.277 
  2010 	      3 	     13 	  -7.179 	  1.172 	  0.269 
  2010 	      3 	     14 	  -6.033 	  1.449 	  0.271 
  2010 	      3 	     15 	  -5.050 	  1.773 	  0.271 
  2010 	      3 	     16 	  -4.779 	  1.776 	  0.272 
  2010 	      3 	     17 	  -2.983 	  1.439 	  0.269 
  2010 	      3 	     18 	   1.571 	  2.205 	  0.275 
  2010 	      3 	     19 	   2.683 	  2.471 	  0.277 
  2010 	      3 	     20 	   4.554 	  3.165 	  0.305 
  2010 	      3 	     21 	   4.204 	  3.371 	  0.329 
  2010 	      3 	     22 	   4.342 	  3.649 	  0.364 
  2010 	      3 	     23 	   3.688 	  3.532 	  0.413 
  2010 	      3 	     24 	   4.217 	  3.306 	  0.457 
  2010 	      3 	     25 	   5.433 	  3.557 	  0.505 
  2010 	      3 	     26 	   2.829 	  2.472 	  0.566 
  2010 	      3 	     27 	  -0.796 	  2.500 	  0.519 
  2010 	      3 	     28 	   0.887 	  3.497 	  0.471 
  2010 	      3 	     29 	   3.854 	  3.680 	  0.457 
  2010 	      3 	     30 	   4.108 	  3.610 	  0.484 
  2010 	      3 	     31 	  -0.917 	  3.041 	  0.477 
  2010 	      4 	      1 	  -5.554 	  0.973 	  0.435 
  2010 	      4 	      2 	  -4.504 	  1.495 	  0.431 
  2010 	      4 	      3 	   0.287 	  2.419 	  0.421 
  2010 	      4 	      4 	  -0.537 	  2.498 	  0.421 
  2010 	      4 	      5 	  -2.679 	  2.417 	  0.410 
  2010 	      4 	      6 	   0.158 	  2.728 	  0.414 
  2010 	      4 	      7 	   4.308 	  3.429 	  0.452 
  2010 	      4 	      8 	   4.475 	  3.967 	  0.505 
  2010 	      4 	      9 	   5.367 	  4.515 	  0.603 
  2010 	      4 	     10 	   3.792 	  4.119 	  0.677 
  2010 	      4 	     11 	  -0.892 	  3.411 	  0.661 
  2010 	      4 	     12 	  -1.375 	  3.249 	  0.610 
  2010 	      4 	     13 	  -0.492 	  3.004 	  0.576 
  2010 	      4 	     14 	  -0.588 	  3.130 	  0.553 
  2010 	      4 	     15 	   1.275 	  3.785 	  0.542 
  2010 	      4 	     16 	   2.808 	  4.321 	  0.569 
  2010 	      4 	     17 	   4.729 	  4.951 	  0.636 
  2010 	      4 	     18 	   1.179 	  3.141 	  0.654 
  2010 	      4 	     19 	   2.642 	  4.443 	  0.650 
  2010 	      4 	     20 	   4.117 	  4.339 	  0.695 
  2010 	      4 	     21 	   5.083 	  4.462 	  0.780 
  2010 	      4 	     22 	   5.608 	  4.476 	  0.875 
  2010 	      4 	     23 	   6.704 	  4.402 	  1.007 
  2010 	      4 	     24 	   8.442 	  4.440 	  1.292 
  2010 	      4 	     25 	   8.342 	  4.263 	  1.641 
  2010 	      4 	     26 	   5.746 	  3.895 	  1.727 
  2010 	      4 	     27 	   5.533 	  4.070 	  1.574 
  2010 	      4 	     28 	   8.046 	  4.749 	  1.635 
  2010 	      4 	     29 	  10.208 	  4.700 	  1.964 
  2010 	      4 	     30 	  10.388 	  4.508 	  2.374 
  2010 	      5 	      1 	   7.004 	  4.302 	  2.502 
  2010 	      5 	      2 	   4.542 	  4.151 	  2.489 
  2010 	      5 	      3 	   2.742 	  3.896 	  2.292 
  2010 	      5 	      4 	   3.800 	  4.543 	  1.976 
  2010 	      5 	      5 	   6.125 	  4.362 	  2.920 
  2010 	      5 	      6 	   4.388 	  4.474 	  2.533 
  2010 	      5 	      7 	   2.637 	  4.321 	  2.055 
  2010 	      5 	      8 	   3.883 	  4.569 	  1.867 
  2010 	      5 	      9 	   5.708 	  4.904 	  1.772 
  2010 	      5 	     10 	   7.212 	  5.172 	  1.790 
  2010 	      5 	     11 	   7.075 	  5.486 	  1.925 
  2010 	      5 	     12 	   4.917 	  4.744 	  2.007 
  2010 	      5 	     13 	   3.563 	  4.814 	  1.864 
  2010 	      5 	     14 	   2.983 	  4.833 	  1.776 
  2010 	      5 	     15 	   1.942 	  3.884 	  1.689 
  2010 	      5 	     16 	  -0.167 	  3.066 	  1.589 
  2010 	      5 	     17 	   1.763 	  3.868 	  1.519 
  2010 	      5 	     18 	   1.342 	  3.684 	  1.462 
  2010 	      5 	     19 	   0.996 	  4.390 	  1.403 
  2010 	      5 	     20 	   2.779 	  4.965 	  1.360 
  2010 	      5 	     21 	   6.225 	  6.114 	  1.404 
  2010 	      5 	     22 	   8.233 	  6.696 	  1.592 
  2010 	      5 	     23 	   8.958 	  6.171 	  1.913 
  2010 	      5 	     24 	  11.167 	  6.035 	  2.474 
  2010 	      5 	     25 	  13.446 	  6.088 	  3.265 
  2010 	      5 	     26 	  10.092 	  5.360 	  4.110 
  2010 	      5 	     27 	   7.333 	  4.758 	  4.126 
  2010 	      5 	     28 	   7.892 	  5.185 	  3.455 
  2010 	      5 	     29 	   8.483 	  5.513 	  3.606 
  2010 	      5 	     30 	   6.708 	  4.834 	  4.248 
  2010 	      5 	     31 	   2.796 	  3.444 	  3.858 
  2010 	      6 	      1 	   4.354 	  4.599 	  3.257 
  2010 	      6 	      2 	   4.400 	  4.400 	  2.898 
  2010 	      6 	      3 	   6.513 	  5.577 	  2.918 
  2010 	      6 	      4 	  11.188 	  7.203 	  3.209 
  2010 	      6 	      5 	  13.896 	  6.952 	  3.974 
  2010 	      6 	      6 	  14.954 	  6.652 	  4.901 
  2010 	      6 	      7 	  12.671 	  5.973 	  6.882 
  2010 	      6 	      8 	  13.417 	  6.026 	  6.020 
  2010 	      6 	      9 	  14.800 	  6.417 	  6.468 
  2010 	      6 	     10 	  16.471 	  6.384 	  7.860 
  2010 	      6 	     11 	  17.267 	  6.772 	  8.421 
  2010 	      6 	     12 	  12.138 	  6.887 	  7.504 
  2010 	      6 	     13 	  11.383 	  6.543 	  7.663 
  2010 	      6 	     14 	   9.992 	  6.342 	  7.155 
  2010 	      6 	     15 	  11.921 	  6.597 	  5.994 
  2010 	      6 	     16 	  11.371 	  6.798 	  5.931 
  2010 	      6 	     17 	   9.471 	  6.042 	  5.461 
  2010 	      6 	     18 	   7.200 	  5.495 	  4.838 
  2010 	      6 	     19 	   4.846 	  4.672 	  4.285 
  2010 	      6 	     20 	   2.475 	  4.024 	  3.903 
  2010 	      6 	     21 	   4.371 	  4.721 	  3.520 
  2010 	      6 	     22 	   4.737 	  5.014 	  3.238 
  2010 	      6 	     23 	   8.388 	  7.007 	  3.088 
  2010 	      6 	     24 	  10.829 	  7.586 	  3.165 
  2010 	      6 	     25 	  12.358 	  7.826 	  3.440 
  2010 	      6 	     26 	  13.312 	  8.074 	  3.787 
  2010 	      6 	     27 	  14.450 	  8.193 	  4.050 
  2010 	      6 	     28 	  14.633 	  8.174 	  4.264 
  2010 	      6 	     29 	  15.088 	  8.264 	  4.282 
  2010 	      6 	     30 	  15.171 	  8.165 	  4.351 
  2010 	      7 	      1 	  16.171 	  8.106 	  4.222 
  2010 	      7 	      2 	  17.442 	  8.970 	  4.273 
  2010 	      7 	      3 	  18.100 	  9.403 	  4.453 
  2010 	      7 	      4 	  15.867 	  8.679 	  4.558 
  2010 	      7 	      5 	  15.292 	  8.491 	  4.244 
  2010 	      7 	      6 	  12.700 	  7.577 	  3.875 
  2010 	      7 	      7 	  13.188 	  8.381 	  3.561 
  2010 	      7 	      8 	  16.983 	  9.243 	  3.551 
  2010 	      7 	      9 	  18.587 	  9.384 	  3.528 
  2010 	      7 	     10 	  20.117 	  9.404 	  3.332 
  2010 	      7 	     11 	  17.254 	  9.798 	  3.702 
  2010 	      7 	     12 	  17.533 	  9.948 	  3.686 
  2010 	      7 	     13 	  16.483 	  9.693 	  3.185 
  2010 	      7 	     14 	  19.183 	 10.202 	  3.000 
  2010 	      7 	     15 	  16.608 	 10.368 	  2.850 
  2010 	      7 	     16 	  18.675 	 10.565 	  2.660 
  2010 	      7 	     17 	  14.775 	  9.570 	  2.925 
  2010 	      7 	     18 	  11.362 	  8.709 	  2.879 
  2010 	      7 	     19 	  13.292 	  9.020 	  2.224 
  2010 	      7 	     20 	  16.004 	  9.508 	  2.069 
  2010 	      7 	     21 	  17.658 	  9.659 	  2.027 
  2010 	      7 	     22 	  17.688 	 10.133 	  1.963 
  2010 	      7 	     23 	  11.213 	  8.893 	  2.993 
  2010 	      7 	     24 	   7.075 	  6.522 	  2.848 
  2010 	      7 	     25 	   7.663 	  6.935 	  2.333 
  2010 	      7 	     26 	   7.688 	  6.406 	  2.031 
  2010 	      7 	     27 	   7.621 	  6.621 	  2.605 
  2010 	      7 	     28 	   9.713 	  7.534 	  2.187 
  2010 	      7 	     29 	   8.121 	  6.749 	  2.387 
  2010 	      7 	     30 	   7.479 	  7.275 	  2.265 
  2010 	      7 	     31 	  10.538 	  8.017 	  2.029 
  2010 	      8 	      1 	  15.267 	  9.344 	  1.953 
  2010 	      8 	      2 	  12.729 	  9.293 	  2.518 
  2010 	      8 	      3 	   9.912 	  7.963 	  3.423 
  2010 	      8 	      4 	  10.475 	  8.306 	  2.556 
  2010 	      8 	      5 	   6.775 	  6.453 	  3.639 
  2010 	      8 	      6 	   5.867 	  5.793 	  3.824 
  2010 	      8 	      7 	  10.171 	  7.936 	  3.746 
  2010 	      8 	      8 	  10.592 	  7.669 	  3.875 
  2010 	      8 	      9 	  12.708 	  8.598 	  3.668 
  2010 	      8 	     10 	  13.858 	  8.727 	  3.359 
  2010 	      8 	     11 	  13.438 	  8.788 	  3.140 
  2010 	      8 	     12 	  11.275 	  8.324 	  4.375 
  2010 	      8 	     13 	   9.604 	  7.509 	  4.513 
  2010 	      8 	     14 	  11.071 	  7.650 	  4.216 
  2010 	      8 	     15 	   8.729 	  7.618 	  5.966 
  2010 	      8 	     16 	   6.754 	  6.395 	  5.411 
  2010 	      8 	     17 	   9.221 	  7.462 	  4.775 
  2010 	      8 	     18 	  10.492 	  7.702 	  4.356 
  2010 	      8 	     19 	  12.725 	  8.803 	  4.022 
  2010 	      8 	     20 	  14.800 	  8.706 	  3.721 
  2010 	      8 	     21 	  15.854 	  9.110 	  3.454 
  2010 	      8 	     22 	  16.142 	  9.067 	  3.163 
  2010 	      8 	     23 	  15.571 	  8.749 	  2.939 
  2010 	      8 	     24 	  14.354 	  9.970 	  3.307 
  2010 	      8 	     25 	  13.233 	  9.556 	  2.777 
  2010 	      8 	     26 	  16.154 	  9.662 	  2.463 
  2010 	      8 	     27 	  13.679 	  8.971 	  3.086 
  2010 	      8 	     28 	   8.675 	  7.569 	  3.599 
  2010 	      8 	     29 	   6.737 	  6.831 	  2.990 
  2010 	      8 	     30 	   3.392 	  5.605 	  3.018 
  2010 	      8 	     31 	   2.650 	  5.133 	  3.022 
  2010 	      9 	      1 	   5.092 	  5.735 	  2.818 
  2010 	      9 	      2 	   8.100 	  6.494 	  2.738 
  2010 	      9 	      3 	   9.883 	  7.157 	  2.689 
  2010 	      9 	      4 	   9.483 	  7.111 	  2.744 
  2010 	      9 	      5 	   9.383 	  7.197 	  2.544 
  2010 	      9 	      6 	  10.800 	  7.250 	  2.391 
  2010 	      9 	      7 	  11.663 	  7.891 	  2.342 
  2010 	      9 	      8 	   9.504 	  7.399 	  2.431 
  2010 	      9 	      9 	   7.521 	  6.737 	  2.325 
  2010 	      9 	     10 	   7.100 	  6.376 	  2.090 
  2010 	      9 	     11 	   8.338 	  6.793 	  1.969 
  2010 	      9 	     12 	  10.717 	  7.285 	  1.900 
  2010 	      9 	     13 	   5.921 	  6.276 	  2.579 
  2010 	      9 	     14 	   7.629 	  6.314 	  2.051 
  2010 	      9 	     15 	   9.912 	  7.313 	  1.979 
  2010 	      9 	     16 	   9.088 	  7.632 	  1.938 
  2010 	      9 	     17 	   6.542 	  6.906 	  1.908 
  2010 	      9 	     18 	   5.817 	  6.270 	  1.887 
  2010 	      9 	     19 	   5.846 	  6.197 	  1.808 
  2010 	      9 	     20 	   7.867 	  6.164 	  1.735 
  2010 	      9 	     21 	   8.783 	  6.761 	  1.690 
  2010 	      9 	     22 	  10.475 	  7.239 	  1.655 
  2010 	      9 	     23 	  10.558 	  7.038 	  1.616 
  2010 	      9 	     24 	   7.929 	  6.428 	  1.605 
  2010 	      9 	     25 	   1.225 	  4.248 	  1.718 
  2010 	      9 	     26 	   1.758 	  4.847 	  1.641 
  2010 	      9 	     27 	   1.646 	  4.366 	  1.629 
  2010 	      9 	     28 	   2.575 	  4.684 	  1.578 
  2010 	      9 	     29 	   4.908 	  5.497 	  1.578 
  2010 	      9 	     30 	   4.750 	  5.291 	  1.576 
  2010 	     10 	      1 	   4.800 	  5.469 	  1.640 
  2010 	     10 	      2 	   7.538 	  5.951 	  1.609 
  2010 	     10 	      3 	   8.508 	  6.141 	  1.641 
  2010 	     10 	      4 	  10.079 	  6.365 	  1.683 
  2010 	     10 	      5 	   8.704 	  6.857 	  2.345 
  2010 	     10 	      6 	   9.329 	  6.443 	  2.133 
  2010 	     10 	      7 	  10.038 	  6.682 	  1.884 
  2010 	     10 	      8 	  10.667 	  6.779 	  1.771 
  2010 	     10 	      9 	   9.838 	  6.532 	  1.708 
  2010 	     10 	     10 	   7.758 	  6.096 	  1.658 
  2010 	     10 	     11 	   7.150 	  5.519 	  1.605 
  2010 	     10 	     12 	   5.287 	  4.698 	  1.554 
  2010 	     10 	     13 	   4.292 	  4.670 	  1.515 
  2010 	     10 	     14 	   1.550 	  4.400 	  1.471 
  2010 	     10 	     15 	   0.754 	  3.778 	  1.422 
  2010 	     10 	     16 	   0.054 	  3.189 	  1.395 
  2010 	     10 	     17 	  -0.229 	  3.172 	  1.383 
  2010 	     10 	     18 	  -0.463 	  3.298 	  1.318 
  2010 	     10 	     19 	  -0.004 	  3.049 	  1.263 
  2010 	     10 	     20 	  -1.138 	  2.186 	  1.210 
  2010 	     10 	     21 	  -2.696 	  1.714 	  1.148 
  2010 	     10 	     22 	  -0.008 	  2.111 	  1.147 
  2010 	     10 	     23 	   2.217 	  2.998 	  1.115 
  2010 	     10 	     24 	   0.213 	  2.791 	  1.093 
  2010 	     10 	     25 	  -2.633 	  1.354 	  1.058 
  2010 	     10 	     26 	  -4.600 	  1.496 	  1.013 
  2010 	     10 	     27 	  -2.667 	  1.481 	  1.021 
  2010 	     10 	     28 	   2.983 	  3.432 	  1.043 
  2010 	     10 	     29 	   3.650 	  2.844 	  1.019 
  2010 	     10 	     30 	   6.017 	  3.222 	  1.011 
  2010 	     10 	     31 	   7.946 	  3.859 	  1.259 
  2010 	     11 	      1 	   7.150 	  4.416 	  1.531 
  2010 	     11 	      2 	   3.762 	  4.155 	  1.268 
  2010 	     11 	      3 	   3.983 	  4.389 	  1.152 
  2010 	     11 	      4 	   5.571 	  4.212 	  1.088 
  2010 	     11 	      5 	   5.621 	  3.909 	  1.057 
  2010 	     11 	      6 	   3.842 	  3.217 	  1.034 
  2010 	     11 	      7 	   1.917 	  3.195 	  1.034 
  2010 	     11 	      8 	  -2.737 	  1.736 	  1.032 
  2010 	     11 	      9 	  -2.146 	  1.669 	  1.009 
  2010 	     11 	     10 	  -1.179 	  1.955 	  1.000 
  2010 	     11 	     11 	  -0.996 	  1.806 	  0.982 
  2010 	     11 	     12 	   2.404 	  3.284 	  1.131 
  2010 	     11 	     13 	   3.521 	  3.303 	  1.081 
  2010 	     11 	     14 	   4.967 	  3.285 	  1.041 
  2010 	     11 	     15 	   6.138 	  4.227 	  1.209 
  2010 	     11 	     16 	  -1.608 	  1.499 	  1.197 
  2010 	     11 	     17 	  -1.617 	  1.849 	  1.109 
  2010 	     11 	     18 	  -1.588 	  2.324 	  1.088 
  2010 	     11 	     19 	  -2.838 	  1.830 	  1.057 
  2010 	     11 	     20 	  -3.121 	  1.441 	  1.025 
  2010 	     11 	     21 	  -0.938 	  2.233 	  1.038 
  2010 	     11 	     22 	  -1.408 	  2.497 	  1.024 
  2010 	     11 	     23 	  -4.004 	  2.053 	  0.996 
  2010 	     11 	     24 	  -5.662 	  1.572 	  0.971 
  2010 	     11 	     25 	  -8.067 	  0.581 	  0.920 
  2010 	     11 	     26 	  -8.367 	  0.387 	  0.936 
  2010 	     11 	     27 	  -9.800 	  0.352 	  0.917 
  2010 	     11 	     28 	  -5.025 	  1.389 	  0.910 
  2010 	     11 	     29 	  -7.991 	  1.053 	  0.871 
  2010 	     11 	     30 	  -9.633 	  0.354 	  0.819 
  2010 	     12 	      1 	  -4.737 	  1.383 	  0.867 
  2010 	     12 	      2 	  -8.079 	  1.123 	  0.843 
  2010 	     12 	      3 	  -11.267 	  0.352 	  0.821 
  2010 	     12 	      4 	  -12.821 	  0.309 	  0.801 
  2010 	     12 	      5 	  -5.654 	  0.743 	  0.798 
  2010 	     12 	      6 	   0.554 	  1.899 	  0.806 
  2010 	     12 	      7 	   1.754 	  2.413 	  0.816 
  2010 	     12 	      8 	   2.396 	  2.808 	  0.821 
  2010 	     12 	      9 	  -4.763 	  1.114 	  0.768 
  2010 	     12 	     10 	  -6.958 	  0.350 	  0.774 
  2010 	     12 	     11 	  -4.733 	  1.052 	  0.771 
  2010 	     12 	     12 	  -6.275 	  0.830 	  0.750 
  2010 	     12 	     13 	  -9.771 	  0.678 	  0.734 
  2010 	     12 	     14 	  -12.542 	  0.345 	  0.702 
  2010 	     12 	     15 	  -13.479 	  0.343 	  0.671 
  2010 	     12 	     16 	  -14.517 	  0.332 	  0.663 
  2010 	     12 	     17 	  -9.783 	  0.437 	  0.668 
  2010 	     12 	     18 	  -14.538 	  0.392 	  0.667 
  2010 	     12 	     19 	  -7.029 	  0.510 	  0.660 
  2010 	     12 	     20 	  -3.388 	  0.774 	  0.681 
  2010 	     12 	     21 	  -1.463 	  1.290 	  0.681 
  2010 	     12 	     22 	   1.679 	  2.041 	  0.666 
  2010 	     12 	     23 	   1.479 	  2.473 	  0.661 
  2010 	     12 	     24 	  -2.421 	  2.188 	  0.655 
  2010 	     12 	     25 	  -8.746 	  0.831 	  0.631 
  2010 	     12 	     26 	  -13.438 	  0.301 	  0.620 
  2010 	     12 	     27 	  -13.017 	  0.314 	  0.622 
  2010 	     12 	     28 	  -5.313 	  0.563 	  0.625 
  2010 	     12 	     29 	  -3.104 	  1.587 	  0.614 
  2010 	     12 	     30 	  -4.204 	  1.063 	  0.598 
  2010 	     12 	     31 	  -5.758 	  0.473 	  0.588 
  2011 	      1 	      1 	  -6.446 	  0.385 	  0.559 
  2011 	      1 	      2 	  -8.954 	  0.508 	  0.557 
  2011 	      1 	      3 	  -13.383 	  0.270 	  0.558 
  2011 	      1 	      4 	  -10.800 	  0.347 	  0.558 
  2011 	      1 	      5 	  -9.742 	  0.362 	  0.557 
  2011 	      1 	      6 	  -1.254 	  0.502 	  0.585 
  2011 	      1 	      7 	   3.108 	  1.772 	  0.577 
  2011 	      1 	      8 	   2.954 	  2.116 	  0.564 
  2011 	      1 	      9 	   2.142 	  2.158 	  0.553 
  2011 	      1 	     10 	  -0.754 	  2.251 	  0.549 
  2011 	      1 	     11 	  -1.033 	  1.875 	  0.539 
  2011 	      1 	     12 	  -0.896 	  2.066 	  0.538 
  2011 	      1 	     13 	   1.404 	  2.500 	  0.578 
  2011 	      1 	     14 	   1.088 	  2.525 	  0.554 
  2011 	      1 	     15 	  -0.104 	  1.772 	  0.534 
  2011 	      1 	     16 	   0.583 	  1.640 	  0.528 
  2011 	      1 	     17 	  -0.304 	  1.254 	  0.521 
  2011 	      1 	     18 	  -1.808 	  1.167 	  0.515 
  2011 	      1 	     19 	  -3.854 	  1.448 	  0.513 
  2011 	      1 	     20 	  -9.167 	  0.490 	  0.490 
  2011 	      1 	     21 	  -10.229 	  0.350 	  0.486 
  2011 	      1 	     22 	  -13.950 	  0.267 	  0.488 
  2011 	      1 	     23 	  -13.446 	  0.303 	  0.492 
  2011 	      1 	     24 	  -8.554 	  0.438 	  0.495 
  2011 	      1 	     25 	  -7.292 	  0.519 	  0.497 
  2011 	      1 	     26 	  -6.400 	  1.301 	  0.493 
  2011 	      1 	     27 	  -9.029 	  0.545 	  0.473 
  2011 	      1 	     28 	  -8.825 	  0.454 	  0.469 
  2011 	      1 	     29 	  -6.842 	  0.758 	  0.466 
  2011 	      1 	     30 	  -5.062 	  0.913 	  0.464 
  2011 	      1 	     31 	  -4.808 	  0.924 	  0.457 
  2011 	      2 	      1 	  -5.933 	  0.606 	  0.446 
  2011 	      2 	      2 	  -6.417 	  0.556 	  0.446 
  2011 	      2 	      3 	  -4.379 	  0.842 	  0.446 
  2011 	      2 	      4 	  -1.858 	  1.550 	  0.443 
  2011 	      2 	      5 	  -0.592 	  1.583 	  0.442 
  2011 	      2 	      6 	   0.692 	  1.518 	  0.439 
  2011 	      2 	      7 	   1.817 	  1.518 	  0.440 
  2011 	      2 	      8 	  -0.237 	  1.424 	  0.435 
  2011 	      2 	      9 	  -0.508 	  1.353 	  0.431 
  2011 	      2 	     10 	  -0.987 	  1.223 	  0.424 
  2011 	      2 	     11 	   0.717 	  1.846 	  0.428 
  2011 	      2 	     12 	  -0.063 	  1.838 	  0.424 
  2011 	      2 	     13 	  -0.583 	  1.818 	  0.421 
  2011 	      2 	     14 	  -1.438 	  1.504 	  0.416 
  2011 	      2 	     15 	  -0.621 	  1.743 	  0.414 
  2011 	      2 	     16 	  -0.250 	  2.314 	  0.416 
  2011 	      2 	     17 	  -0.312 	  2.180 	  0.412 
  2011 	      2 	     18 	  -2.150 	  1.751 	  0.404 
  2011 	      2 	     19 	  -2.663 	  1.371 	  0.397 
  2011 	      2 	     20 	  -2.137 	  1.769 	  0.401 
  2011 	      2 	     21 	  -3.621 	  1.974 	  0.398 
  2011 	      2 	     22 	  -5.346 	  1.469 	  0.392 
  2011 	      2 	     23 	  -9.817 	  0.541 	  0.347 
  2011 	      2 	     24 	  -6.737 	  0.457 	  0.386 
  2011 	      2 	     25 	  -2.167 	  1.650 	  0.393 
  2011 	      2 	     26 	  -2.662 	  1.209 	  0.380 
  2011 	      2 	     27 	  -2.229 	  2.036 	  0.389 
  2011 	      2 	     28 	  -3.017 	  2.256 	  0.386 
  2011 	      3 	      1 	  -2.567 	  1.835 	  0.380 
  2011 	      3 	      2 	  -4.050 	  0.978 	  0.367 
  2011 	      3 	      3 	  -3.708 	  1.503 	  0.365 
  2011 	      3 	      4 	  -1.604 	  1.499 	  0.366 
  2011 	      3 	      5 	  -2.258 	  1.286 	  0.358 
  2011 	      3 	      6 	  -3.058 	  1.140 	  0.347 
  2011 	      3 	      7 	  -3.663 	  0.693 	  0.320 
  2011 	      3 	      8 	  -1.329 	  1.215 	  0.340 
  2011 	      3 	      9 	  -1.021 	  1.505 	  0.340 
  2011 	      3 	     10 	   0.850 	  2.309 	  0.348 
  2011 	      3 	     11 	   0.500 	  1.924 	  0.344 
  2011 	      3 	     12 	   1.721 	  2.075 	  0.351 
  2011 	      3 	     13 	   2.733 	  2.769 	  0.357 
  2011 	      3 	     14 	   3.383 	  3.061 	  0.373 
  2011 	      3 	     15 	   3.858 	  3.026 	  0.380 
  2011 	      3 	     16 	   5.179 	  3.409 	  0.426 
  2011 	      3 	     17 	   0.917 	  2.163 	  0.436 
  2011 	      3 	     18 	   0.575 	  2.767 	  0.416 
  2011 	      3 	     19 	  -0.950 	  2.849 	  0.408 
  2011 	      3 	     20 	  -3.058 	  1.942 	  0.388 
  2011 	      3 	     21 	  -2.817 	  1.233 	  0.376 
  2011 	      3 	     22 	   0.475 	  1.907 	  0.388 
  2011 	      3 	     23 	   2.704 	  2.701 	  0.410 
  2011 	      3 	     24 	   4.067 	  2.935 	  0.432 
  2011 	      3 	     25 	   3.925 	  3.310 	  0.465 
  2011 	      3 	     26 	   2.421 	  3.668 	  0.483 
  2011 	      3 	     27 	   3.154 	  3.702 	  0.485 
  2011 	      3 	     28 	   2.396 	  3.932 	  0.495 
  2011 	      3 	     29 	   2.904 	  3.758 	  0.517 
  2011 	      3 	     30 	   2.771 	  3.588 	  0.541 
  2011 	      3 	     31 	   4.608 	  4.448 	  0.602 
  2011 	      4 	      1 	   6.196 	  4.553 	  0.743 
  2011 	      4 	      2 	   7.900 	  4.152 	  0.834 
  2011 	      4 	      3 	   8.096 	  4.234 	  0.936 
  2011 	      4 	      4 	   2.792 	  3.413 	  0.917 
  2011 	      4 	      5 	   3.796 	  4.421 	  0.828 
  2011 	      4 	      6 	   6.938 	  4.823 	  0.884 
  2011 	      4 	      7 	  10.721 	  4.826 	  1.223 
  2011 	      4 	      8 	   9.392 	  4.606 	  1.598 
  2011 	      4 	      9 	   8.329 	  4.428 	  1.650 
  2011 	      4 	     10 	   7.383 	  4.527 	  1.613 
  2011 	      4 	     11 	   7.612 	  4.501 	  1.570 
  2011 	      4 	     12 	   2.354 	  3.314 	  1.505 
  2011 	      4 	     13 	  -2.612 	  2.700 	  1.309 
  2011 	      4 	     14 	  -0.671 	  3.141 	  1.118 
  2011 	      4 	     15 	   0.292 	  3.696 	  1.012 
  2011 	      4 	     16 	   2.092 	  4.031 	  0.967 
  2011 	      4 	     17 	   3.608 	  4.393 	  0.942 
  2011 	      4 	     18 	   5.554 	  4.848 	  0.962 
  2011 	      4 	     19 	   6.658 	  5.420 	  1.070 
  2011 	      4 	     20 	   7.425 	  5.136 	  1.185 
  2011 	      4 	     21 	   7.475 	  5.086 	  1.312 
  2011 	      4 	     22 	   7.604 	  4.960 	  1.412 
  2011 	      4 	     23 	   7.346 	  4.897 	  1.429 
  2011 	      4 	     24 	   7.154 	  5.249 	  1.458 
  2011 	      4 	     25 	   7.588 	  5.621 	  1.620 
  2011 	      4 	     26 	   6.129 	  5.367 	  1.665 
  2011 	      4 	     27 	   4.104 	  4.422 	  1.592 
  2011 	      4 	     28 	   5.346 	  4.825 	  1.502 
  2011 	      4 	     29 	   4.558 	  4.664 	  1.443 
  2011 	      4 	     30 	   5.125 	  4.855 	  1.369 
  2011 	      5 	      1 	   4.808 	  5.300 	  1.388 
  2011 	      5 	      2 	   6.775 	  4.907 	  1.399 
  2011 	      5 	      3 	   3.246 	  4.279 	  1.366 
  2011 	      5 	      4 	   2.887 	  4.653 	  1.220 
  2011 	      5 	      5 	   4.808 	  4.694 	  1.146 
  2011 	      5 	      6 	   8.492 	  5.861 	  1.247 
  2011 	      5 	      7 	   9.954 	  6.008 	  1.447 
  2011 	      5 	      8 	  10.788 	  5.764 	  1.638 
  2011 	      5 	      9 	  11.104 	  5.978 	  1.806 
  2011 	      5 	     10 	  11.200 	  5.817 	  1.949 
  2011 	      5 	     11 	  10.542 	  5.969 	  2.109 
  2011 	      5 	     12 	   9.325 	  5.341 	  2.476 
  2011 	      5 	     13 	  10.717 	  6.109 	  3.099 
  2011 	      5 	     14 	   8.925 	  5.685 	  3.738 
  2011 	      5 	     15 	   1.258 	  2.915 	  3.297 
  2011 	      5 	     16 	   2.133 	  3.526 	  2.183 
  2011 	      5 	     17 	   6.033 	  5.342 	  1.960 
  2011 	      5 	     18 	   8.975 	  6.302 	  1.843 
  2011 	      5 	     19 	  10.696 	  7.007 	  1.901 
  2011 	      5 	     20 	  10.521 	  7.030 	  2.165 
  2011 	      5 	     21 	  10.096 	  6.815 	  2.723 
  2011 	      5 	     22 	  10.625 	  6.356 	  3.194 
  2011 	      5 	     23 	  12.225 	  6.761 	  3.616 
  2011 	      5 	     24 	  13.171 	  6.987 	  3.902 
  2011 	      5 	     25 	  12.787 	  6.831 	  3.897 
  2011 	      5 	     26 	  13.021 	  6.714 	  3.927 
  2011 	      5 	     27 	   4.917 	  4.241 	  5.344 
  2011 	      5 	     28 	   4.900 	  5.152 	  4.119 
  2011 	      5 	     29 	   9.808 	  6.688 	  3.489 
  2011 	      5 	     30 	  13.504 	  7.820 	  3.486 
  2011 	      5 	     31 	  10.542 	  6.949 	  3.685 
  2011 	      6 	      1 	   5.158 	  5.429 	  3.692 
  2011 	      6 	      2 	  10.283 	  7.379 	  3.442 
  2011 	      6 	      3 	  12.904 	  7.370 	  3.675 
  2011 	      6 	      4 	  12.688 	  7.521 	  3.857 
  2011 	      6 	      5 	  12.004 	  7.339 	  3.820 
  2011 	      6 	      6 	  10.825 	  6.736 	  3.610 
  2011 	      6 	      7 	   9.775 	  6.451 	  3.264 
  2011 	      6 	      8 	   7.871 	  6.258 	  3.775 
  2011 	      6 	      9 	   5.746 	  5.847 	  3.523 
  2011 	      6 	     10 	   8.121 	  6.316 	  3.206 
  2011 	      6 	     11 	   6.817 	  5.825 	  3.345 
  2011 	      6 	     12 	   9.883 	  7.175 	  3.116 
  2011 	      6 	     13 	   8.804 	  6.615 	  3.284 
  2011 	      6 	     14 	  10.733 	  7.663 	  3.294 
  2011 	      6 	     15 	  12.708 	  7.704 	  3.308 
  2011 	      6 	     16 	  12.558 	  7.573 	  3.560 
  2011 	      6 	     17 	  12.529 	  7.762 	  3.583 
  2011 	      6 	     18 	   7.629 	  6.239 	  4.598 
  2011 	      6 	     19 	   6.075 	  6.019 	  4.167 
  2011 	      6 	     20 	   9.654 	  6.788 	  3.558 
  2011 	      6 	     21 	  14.079 	  8.325 	  3.487 
  2011 	      6 	     22 	  13.913 	  8.197 	  3.776 
  2011 	      6 	     23 	   9.058 	  6.780 	  4.551 
  2011 	      6 	     24 	   8.367 	  6.865 	  3.889 
  2011 	      6 	     25 	   8.858 	  6.241 	  3.463 
  2011 	      6 	     26 	  15.017 	  9.097 	  3.558 
  2011 	      6 	     27 	  17.571 	  9.200 	  3.559 
  2011 	      6 	     28 	  17.788 	  9.836 	  3.665 
  2011 	      6 	     29 	  14.938 	  9.570 	  3.685 
  2011 	      6 	     30 	   9.458 	  8.092 	  4.108 
  2011 	      7 	      1 	   6.475 	  6.114 	  3.180 
  2011 	      7 	      2 	   6.775 	  6.509 	  2.562 
  2011 	      7 	      3 	   9.146 	  6.883 	  2.257 
  2011 	      7 	      4 	  13.467 	  8.364 	  2.172 
  2011 	      7 	      5 	  13.721 	  8.282 	  2.160 
  2011 	      7 	      6 	  14.313 	  8.776 	  2.109 
  2011 	      7 	      7 	  12.475 	  8.316 	  2.472 
  2011 	      7 	      8 	  12.692 	  8.811 	  3.267 
  2011 	      7 	      9 	  15.846 	  9.610 	  2.459 
  2011 	      7 	     10 	  15.183 	  9.410 	  2.222 
  2011 	      7 	     11 	  14.754 	  9.813 	  2.114 
  2011 	      7 	     12 	  17.838 	 10.065 	  2.029 
  2011 	      7 	     13 	  13.304 	  9.310 	  2.417 
  2011 	      7 	     14 	   8.250 	  7.620 	  2.550 
  2011 	      7 	     15 	   7.496 	  6.814 	  2.147 
  2011 	      7 	     16 	  12.008 	  7.687 	  1.939 
  2011 	      7 	     17 	  10.288 	  7.817 	  2.427 
  2011 	      7 	     18 	   6.421 	  6.599 	  3.766 
  2011 	      7 	     19 	   8.800 	  7.429 	  3.311 
  2011 	      7 	     20 	   5.650 	  5.650 	  3.574 
  2011 	      7 	     21 	   8.158 	  6.692 	  3.350 
  2011 	      7 	     22 	   9.263 	  7.284 	  3.233 
  2011 	      7 	     23 	   8.079 	  7.270 	  2.976 
  2011 	      7 	     24 	   4.808 	  5.505 	  2.817 
  2011 	      7 	     25 	   6.221 	  5.882 	  2.471 
  2011 	      7 	     26 	   9.117 	  6.739 	  2.257 
  2011 	      7 	     27 	  10.383 	  7.386 	  2.335 
  2011 	      7 	     28 	   9.908 	  7.621 	  2.596 
  2011 	      7 	     29 	  10.596 	  7.748 	  2.545 
  2011 	      7 	     30 	   9.967 	  7.392 	  2.309 
  2011 	      7 	     31 	  10.883 	  8.189 	  2.149 
  2011 	      8 	      1 	  12.617 	  8.602 	  2.072 
  2011 	      8 	      2 	  14.796 	  9.234 	  2.013 
  2011 	      8 	      3 	  12.862 	  8.808 	  2.150 
  2011 	      8 	      4 	  13.400 	  9.064 	  2.033 
  2011 	      8 	      5 	  12.850 	  8.606 	  2.094 
  2011 	      8 	      6 	  15.525 	  9.534 	  2.222 
  2011 	      8 	      7 	  11.762 	  8.705 	  4.110 
  2011 	      8 	      8 	  10.075 	  8.217 	  4.031 
  2011 	      8 	      9 	   6.646 	  6.534 	  3.308 
  2011 	      8 	     10 	   7.496 	  7.148 	  3.012 
  2011 	      8 	     11 	  11.600 	  7.834 	  2.597 
  2011 	      8 	     12 	  13.121 	  8.561 	  2.414 
  2011 	      8 	     13 	  13.213 	  8.983 	  2.272 
  2011 	      8 	     14 	  14.700 	  8.779 	  2.153 
  2011 	      8 	     15 	  12.296 	  8.591 	  3.125 
  2011 	      8 	     16 	  14.042 	  9.410 	  2.448 
  2011 	      8 	     17 	  15.925 	  9.816 	  2.218 
  2011 	      8 	     18 	  17.246 	 10.242 	  2.115 
  2011 	      8 	     19 	  15.950 	  9.983 	  2.054 
  2011 	      8 	     20 	  17.104 	  9.813 	  1.960 
  2011 	      8 	     21 	  17.988 	  9.826 	  1.898 
  2011 	      8 	     22 	  19.079 	 10.081 	  1.848 
  2011 	      8 	     23 	  18.608 	 10.260 	  1.798 
  2011 	      8 	     24 	  18.262 	 10.221 	  1.767 
  2011 	      8 	     25 	  17.471 	 10.043 	  1.724 
  2011 	      8 	     26 	  18.096 	 10.027 	  1.703 
  2011 	      8 	     27 	   4.813 	  6.346 	  1.909 
  2011 	      8 	     28 	   8.200 	  7.146 	  1.806 
  2011 	      8 	     29 	  10.404 	  8.490 	  1.695 
  2011 	      8 	     30 	  11.129 	  9.197 	  1.640 
  2011 	      8 	     31 	  12.458 	  8.690 	  1.580 
  2011 	      9 	      1 	  10.842 	  7.720 	  1.580 
  2011 	      9 	      2 	  13.350 	  9.019 	  1.539 
  2011 	      9 	      3 	  15.950 	  9.771 	  1.529 
  2011 	      9 	      4 	  14.425 	  9.582 	  1.707 
  2011 	      9 	      5 	   9.875 	  8.471 	  2.201 
  2011 	      9 	      6 	   9.138 	  7.743 	  1.830 
  2011 	      9 	      7 	  10.521 	  7.981 	  1.669 
  2011 	      9 	      8 	  11.083 	  7.874 	  1.621 
  2011 	      9 	      9 	  12.675 	  8.563 	  1.595 
  2011 	      9 	     10 	  14.854 	  9.283 	  1.539 
  2011 	      9 	     11 	  14.754 	  9.283 	  1.574 
  2011 	      9 	     12 	  10.779 	  8.820 	  1.980 
  2011 	      9 	     13 	  12.271 	  8.628 	  1.581 
  2011 	      9 	     14 	  10.979 	  8.802 	  1.530 
  2011 	      9 	     15 	  12.279 	  9.333 	  1.474 
  2011 	      9 	     16 	  12.817 	  8.371 	  1.390 
  2011 	      9 	     17 	  12.138 	  8.674 	  1.557 
  2011 	      9 	     18 	   5.092 	  5.424 	  2.334 
  2011 	      9 	     19 	   0.787 	  3.309 	  2.000 
  2011 	      9 	     20 	   3.254 	  5.129 	  1.857 
  2011 	      9 	     21 	   5.763 	  5.124 	  1.964 
  2011 	      9 	     22 	   7.850 	  5.828 	  2.240 
  2011 	      9 	     23 	   8.333 	  5.937 	  2.421 
  2011 	      9 	     24 	  10.075 	  6.722 	  2.585 
  2011 	      9 	     25 	  10.083 	  6.951 	  2.540 
  2011 	      9 	     26 	  10.450 	  7.053 	  2.364 
  2011 	      9 	     27 	  10.725 	  7.273 	  2.213 
  2011 	      9 	     28 	  10.846 	  7.093 	  2.086 
  2011 	      9 	     29 	  10.733 	  7.196 	  1.966 
  2011 	      9 	     30 	  11.217 	  7.343 	  1.875 
  2011 	     10 	      1 	  11.800 	  7.417 	  1.803 
  2011 	     10 	      2 	  11.200 	  7.587 	  1.746 
  2011 	     10 	      3 	  10.479 	  6.771 	  1.687 
  2011 	     10 	      4 	   9.858 	  6.418 	  1.640 
  2011 	     10 	      5 	   8.204 	  6.139 	  1.593 
  2011 	     10 	      6 	   9.508 	  6.556 	  1.603 
  2011 	     10 	      7 	   1.508 	  4.064 	  1.692 
  2011 	     10 	      8 	  -1.412 	  2.153 	  1.624 
  2011 	     10 	      9 	  -0.450 	  2.612 	  1.569 
  2011 	     10 	     10 	   3.033 	  3.311 	  3.142 
  2011 	     10 	     11 	   5.263 	  4.616 	  2.743 
  2011 	     10 	     12 	   7.146 	  4.909 	  2.420 
  2011 	     10 	     13 	   5.571 	  5.230 	  2.328 
  2011 	     10 	     14 	   2.850 	  4.182 	  2.119 
  2011 	     10 	     15 	   3.704 	  3.698 	  1.971 
  2011 	     10 	     16 	   4.433 	  3.911 	  1.897 
  2011 	     10 	     17 	   4.071 	  3.902 	  1.836 
  2011 	     10 	     18 	   4.912 	  3.702 	  1.780 
  2011 	     10 	     19 	   3.813 	  4.034 	  1.752 
  2011 	     10 	     20 	  -1.908 	  2.825 	  1.709 
  2011 	     10 	     21 	  -3.496 	  1.647 	  1.614 
  2011 	     10 	     22 	  -2.050 	  1.823 	  1.596 
  2011 	     10 	     23 	  -0.350 	  2.049 	  1.552 
  2011 	     10 	     24 	   1.054 	  2.197 	  1.508 
  2011 	     10 	     25 	   6.079 	  3.998 	  1.582 
  2011 	     10 	     26 	   4.079 	  4.249 	  1.526 
  2011 	     10 	     27 	   3.762 	  3.258 	  1.434 
  2011 	     10 	     28 	   4.404 	  3.465 	  1.378 
  2011 	     10 	     29 	   5.608 	  4.112 	  1.342 
  2011 	     10 	     30 	   4.671 	  3.820 	  1.286 
  2011 	     10 	     31 	   5.946 	  3.942 	  1.241 
  2011 	     11 	      1 	   4.913 	  3.604 	  1.187 
  2011 	     11 	      2 	   4.429 	  3.437 	  1.130 
  2011 	     11 	      3 	   6.196 	  4.083 	  1.093 
  2011 	     11 	      4 	   9.204 	  5.270 	  1.137 
  2011 	     11 	      5 	   9.975 	  5.604 	  1.496 
  2011 	     11 	      6 	   8.771 	  5.190 	  1.417 
  2011 	     11 	      7 	   6.350 	  4.758 	  1.303 
  2011 	     11 	      8 	   5.500 	  4.135 	  1.209 
  2011 	     11 	      9 	   2.621 	  2.825 	  1.111 
  2011 	     11 	     10 	   2.283 	  2.333 	  1.040 
  2011 	     11 	     11 	   2.042 	  2.202 	  0.990 
  2011 	     11 	     12 	   1.838 	  2.173 	  0.954 
  2011 	     11 	     13 	   2.162 	  1.813 	  0.919 
  2011 	     11 	     14 	   1.983 	  1.697 	  0.895 
  2011 	     11 	     15 	   1.867 	  1.697 	  0.877 
  2011 	     11 	     16 	   1.313 	  1.685 	  0.858 
  2011 	     11 	     17 	  -0.371 	  1.324 	  0.822 
  2011 	     11 	     18 	  -0.233 	  1.228 	  0.806 
  2011 	     11 	     19 	   0.575 	  1.464 	  0.796 
  2011 	     11 	     20 	   1.513 	  1.967 	  0.799 
  2011 	     11 	     21 	   1.008 	  1.598 	  0.781 
  2011 	     11 	     22 	   1.200 	  1.686 	  0.771 
  2011 	     11 	     23 	   0.463 	  1.615 	  0.757 
  2011 	     11 	     24 	   0.067 	  1.359 	  0.734 
  2011 	     11 	     25 	   1.263 	  1.191 	  0.712 
  2011 	     11 	     26 	  -0.367 	  1.317 	  0.704 
  2011 	     11 	     27 	   2.604 	  1.546 	  0.705 
  2011 	     11 	     28 	   1.383 	  1.766 	  0.705 
  2011 	     11 	     29 	   2.863 	  2.069 	  0.701 
  2011 	     11 	     30 	   1.150 	  1.963 	  0.694 
  2011 	     12 	      1 	   0.996 	  1.484 	  0.678 
  2011 	     12 	      2 	   2.850 	  1.921 	  0.671 
  2011 	     12 	      3 	   0.979 	  2.848 	  0.680 
  2011 	     12 	      4 	   2.225 	  2.741 	  0.677 
  2011 	     12 	      5 	  -0.758 	  1.987 	  0.673 
  2011 	     12 	      6 	  -4.346 	  0.912 	  0.656 
  2011 	     12 	      7 	  -1.554 	  1.088 	  0.666 
  2011 	     12 	      8 	  -2.663 	  0.865 	  0.656 
  2011 	     12 	      9 	  -2.638 	  0.944 	  0.653 
  2011 	     12 	     10 	  -0.250 	  1.900 	  0.643 
  2011 	     12 	     11 	  -2.233 	  1.288 	  0.630 
  2011 	     12 	     12 	  -2.862 	  1.083 	  0.626 
  2011 	     12 	     13 	  -4.021 	  0.693 	  0.606 
  2011 	     12 	     14 	  -0.042 	  1.937 	  0.616 
  2011 	     12 	     15 	  -3.392 	  1.203 	  0.603 
  2011 	     12 	     16 	  -1.721 	  1.191 	  0.597 
  2011 	     12 	     17 	  -6.108 	  0.316 	  0.594 
  2011 	     12 	     18 	  -8.654 	  0.355 	  0.591 
  2011 	     12 	     19 	  -9.638 	  0.369 	  0.589 
  2011 	     12 	     20 	  -9.271 	  0.337 	  0.586 
  2011 	     12 	     21 	  -5.300 	  0.631 	  0.584 
  2011 	     12 	     22 	  -1.833 	  0.738 	  0.581 
  2011 	     12 	     23 	  -0.258 	  1.133 	  0.578 
  2011 	     12 	     24 	  -3.788 	  1.130 	  0.567 
  2011 	     12 	     25 	  -8.317 	  0.619 	  0.549 
  2011 	     12 	     26 	  -4.800 	  0.917 	  0.541 
  2011 	     12 	     27 	  -2.408 	  1.299 	  0.537 
  2011 	     12 	     28 	  -2.154 	  1.438 	  0.533 
  2011 	     12 	     29 	  -4.158 	  1.345 	  0.530 
  2011 	     12 	     30 	  -6.113 	  0.480 	  0.528 
  2011 	     12 	     31 	  -3.950 	  0.513 	  0.528 
  2012 	      1 	      1 	   0.483 	  2.033 	  0.544 
  2012 	      1 	      2 	  -0.042 	  2.002 	  0.556 
  2012 	      1 	      3 	  -4.538 	  1.060 	  0.553 
  2012 	      1 	      4 	  -3.879 	  1.316 	  0.550 
  2012 	      1 	      5 	  -3.508 	  0.889 	  0.547 
  2012 	      1 	      6 	  -5.400 	  0.320 	  0.544 
  2012 	      1 	      7 	  -5.600 	  0.447 	  0.541 
  2012 	      1 	      8 	  -3.542 	  0.434 	  0.538 
  2012 	      1 	      9 	  -4.542 	  0.518 	  0.535 
  2012 	      1 	     10 	  -3.629 	  1.419 	  0.532 
  2012 	      1 	     11 	  -4.533 	  1.294 	  0.529 
  2012 	      1 	     12 	  -5.471 	  0.999 	  0.526 
  2012 	      1 	     13 	  -5.179 	  1.469 	  0.524 
  2012 	      1 	     14 	  -12.563 	  0.443 	  0.520 
  2012 	      1 	     15 	  -12.617 	  0.365 	  0.512 
  2012 	      1 	     16 	  -10.604 	  0.427 	  0.503 
  2012 	      1 	     17 	  -8.283 	  0.485 	  0.501 
  2012 	      1 	     18 	  -6.625 	  0.612 	  0.501 
  2012 	      1 	     19 	  -1.308 	  1.950 	  0.496 
  2012 	      1 	     20 	  -2.529 	  1.155 	  0.492 
  2012 	      1 	     21 	  -1.825 	  0.636 	  0.486 
  2012 	      1 	     22 	  -0.775 	  0.951 	  0.481 
  2012 	      1 	     23 	  -2.300 	  1.814 	  0.476 
  2012 	      1 	     24 	  -5.250 	  1.286 	  0.470 
  2012 	      1 	     25 	  -5.646 	  1.714 	  0.465 
  2012 	      1 	     26 	  -3.867 	  1.863 	  0.460 
  2012 	      1 	     27 	  -3.412 	  1.982 	  0.455 
  2012 	      1 	     28 	  -4.192 	  2.179 	  0.449 
  2012 	      1 	     29 	  -7.771 	  1.422 	  0.444 
  2012 	      1 	     30 	  -9.592 	  0.619 	  0.439 
  2012 	      1 	     31 	  -9.200 	  0.947 	  0.434 
  2012 	      2 	      1 	  -11.092 	  0.760 	  0.427 
  2012 	      2 	      2 	  -13.404 	  0.828 	  0.425 
  2012 	      2 	      3 	  -17.896 	  0.336 	  0.417 
  2012 	      2 	      4 	  -22.179 	  0.262 	  0.412 
  2012 	      2 	      5 	  -20.746 	  0.304 	  0.412 
  2012 	      2 	      6 	  -20.404 	  0.319 	  0.412 
  2012 	      2 	      7 	  -18.458 	  0.424 	  0.412 
  2012 	      2 	      8 	  -10.013 	  0.536 	  0.412 
  2012 	      2 	      9 	  -10.821 	  0.856 	  0.412 
  2012 	      2 	     10 	  -17.900 	  0.421 	  0.410 
  2012 	      2 	     11 	  -18.738 	  0.359 	  0.407 
  2012 	      2 	     12 	  -19.083 	  0.389 	  0.404 
  2012 	      2 	     13 	  -14.167 	  0.823 	  0.401 
  2012 	      2 	     14 	  -9.596 	  1.510 	  0.398 
  2012 	      2 	     15 	  -6.442 	  1.045 	  0.395 
  2012 	      2 	     16 	  -5.904 	  0.659 	  0.391 
  2012 	      2 	     17 	  -6.729 	  0.934 	  0.388 
  2012 	      2 	     18 	  -5.037 	  1.450 	  0.383 
  2012 	      2 	     19 	  -4.479 	  1.832 	  0.379 
  2012 	      2 	     20 	  -8.733 	  1.411 	  0.375 
  2012 	      2 	     21 	  -7.304 	  0.984 	  0.367 
  2012 	      2 	     22 	  -5.104 	  1.235 	  0.368 
  2012 	      2 	     23 	  -0.821 	  2.083 	  0.369 
  2012 	      2 	     24 	   2.492 	  2.794 	  0.376 
  2012 	      2 	     25 	   2.708 	  3.047 	  0.377 
  2012 	      2 	     26 	  -2.200 	  2.198 	  0.370 
  2012 	      2 	     27 	  -5.046 	  1.352 	  0.361 
  2012 	      2 	     28 	  -1.338 	  2.041 	  0.361 
  2012 	      2 	     29 	   2.808 	  2.901 	  0.369 
  2012 	      3 	      1 	   3.233 	  2.721 	  0.374 
  2012 	      3 	      2 	   3.608 	  2.907 	  0.387 
  2012 	      3 	      3 	   3.483 	  2.975 	  0.396 
  2012 	      3 	      4 	   2.667 	  2.777 	  0.402 
  2012 	      3 	      5 	  -3.363 	  1.866 	  0.404 
  2012 	      3 	      6 	  -5.779 	  1.536 	  0.383 
  2012 	      3 	      7 	  -2.679 	  1.398 	  0.382 
  2012 	      3 	      8 	  -2.904 	  2.055 	  0.378 
  2012 	      3 	      9 	  -4.671 	  1.714 	  0.363 
  2012 	      3 	     10 	  -3.950 	  1.204 	  0.358 
  2012 	      3 	     11 	  -2.679 	  1.500 	  0.352 
  2012 	      3 	     12 	   0.246 	  2.839 	  0.347 
  2012 	      3 	     13 	   1.038 	  2.406 	  0.346 
  2012 	      3 	     14 	   1.612 	  2.498 	  0.355 
  2012 	      3 	     15 	   2.392 	  2.543 	  0.366 
  2012 	      3 	     16 	   3.571 	  2.664 	  0.388 
  2012 	      3 	     17 	   3.437 	  3.030 	  0.408 
  2012 	      3 	     18 	   2.075 	  3.189 	  0.414 
  2012 	      3 	     19 	  -2.104 	  2.100 	  0.420 
  2012 	      3 	     20 	  -2.175 	  2.256 	  0.396 
  2012 	      3 	     21 	   1.846 	  2.826 	  0.399 
  2012 	      3 	     22 	   3.142 	  3.122 	  0.425 
  2012 	      3 	     23 	   2.904 	  3.141 	  0.453 
  2012 	      3 	     24 	   2.696 	  3.395 	  0.485 
  2012 	      3 	     25 	   2.596 	  3.482 	  0.509 
  2012 	      3 	     26 	   2.479 	  3.130 	  0.531 
  2012 	      3 	     27 	   2.917 	  3.204 	  0.566 
  2012 	      3 	     28 	   4.571 	  3.418 	  0.622 
  2012 	      3 	     29 	   4.237 	  3.537 	  0.677 
  2012 	      3 	     30 	   2.783 	  3.538 	  0.674 
  2012 	      3 	     31 	   3.879 	  3.825 	  0.667 
  2012 	      4 	      1 	   1.533 	  3.689 	  0.687 
  2012 	      4 	      2 	   3.483 	  3.474 	  0.715 
  2012 	      4 	      3 	   4.792 	  3.742 	  0.750 
  2012 	      4 	      4 	   4.925 	  4.088 	  0.801 
  2012 	      4 	      5 	   3.092 	  3.677 	  0.855 
  2012 	      4 	      6 	   3.488 	  3.923 	  0.910 
  2012 	      4 	      7 	   1.067 	  3.394 	  0.898 
  2012 	      4 	      8 	  -4.562 	  2.413 	  0.807 
  2012 	      4 	      9 	  -1.433 	  2.977 	  0.754 
  2012 	      4 	     10 	   5.246 	  4.441 	  0.773 
  2012 	      4 	     11 	  -0.612 	  2.302 	  0.793 
  2012 	      4 	     12 	   0.933 	  3.859 	  0.751 
  2012 	      4 	     13 	   0.579 	  4.018 	  0.732 
  2012 	      4 	     14 	   1.592 	  4.397 	  0.718 
  2012 	      4 	     15 	   1.683 	  4.141 	  0.714 
  2012 	      4 	     16 	  -0.008 	  3.706 	  0.698 
  2012 	      4 	     17 	  -0.617 	  3.862 	  0.690 
  2012 	      4 	     18 	  -0.467 	  3.373 	  0.697 
  2012 	      4 	     19 	   0.683 	  3.644 	  0.678 
  2012 	      4 	     20 	   0.496 	  4.006 	  0.660 
  2012 	      4 	     21 	   2.212 	  3.842 	  0.650 
  2012 	      4 	     22 	  -0.604 	  3.514 	  0.657 
  2012 	      4 	     23 	   1.412 	  3.815 	  0.637 
  2012 	      4 	     24 	   0.437 	  2.820 	  0.641 
  2012 	      4 	     25 	   3.379 	  3.812 	  0.620 
  2012 	      4 	     26 	   7.608 	  4.874 	  0.688 
  2012 	      4 	     27 	   9.350 	  4.501 	  1.089 
  2012 	      4 	     28 	  12.100 	  3.917 	  2.001 
  2012 	      4 	     29 	  11.950 	  3.176 	  3.461 
  2012 	      4 	     30 	   7.392 	  3.487 	  3.501 
  2012 	      5 	      1 	   7.267 	  3.511 	  3.619 
  2012 	      5 	      2 	   8.112 	  3.748 	  3.726 
  2012 	      5 	      3 	   7.404 	  3.818 	  3.629 
  2012 	      5 	      4 	   7.317 	  3.877 	  3.430 
  2012 	      5 	      5 	   5.492 	  3.811 	  3.175 
  2012 	      5 	      6 	   3.567 	  3.825 	  2.893 
  2012 	      5 	      7 	   5.467 	  4.251 	  2.590 
  2012 	      5 	      8 	   7.492 	  4.398 	  2.535 
  2012 	      5 	      9 	   9.371 	  4.397 	  3.082 
  2012 	      5 	     10 	  11.929 	  4.310 	  3.831 
  2012 	      5 	     11 	  14.179 	  4.159 	  4.732 
  2012 	      5 	     12 	   7.971 	  3.792 	  5.166 
  2012 	      5 	     13 	   3.292 	  3.507 	  4.818 
  2012 	      5 	     14 	   3.475 	  3.801 	  3.856 
  2012 	      5 	     15 	   3.925 	  3.903 	  3.381 
  2012 	      5 	     16 	  -1.537 	  2.811 	  3.002 
  2012 	      5 	     17 	   1.396 	  3.693 	  2.441 
  2012 	      5 	     18 	   8.358 	  4.741 	  2.127 
  2012 	      5 	     19 	   9.504 	  5.084 	  2.401 
  2012 	      5 	     20 	  10.637 	  4.664 	  3.309 
  2012 	      5 	     21 	   8.983 	  4.286 	  4.254 
  2012 	      5 	     22 	   8.492 	  4.519 	  3.898 
  2012 	      5 	     23 	  10.563 	  4.829 	  4.782 
  2012 	      5 	     24 	  11.017 	  4.481 	  5.499 
  2012 	      5 	     25 	  11.246 	  4.885 	  5.450 
  2012 	      5 	     26 	  10.213 	  4.717 	  5.304 
  2012 	      5 	     27 	   8.875 	  4.516 	  4.813 
  2012 	      5 	     28 	   8.946 	  4.551 	  4.177 
  2012 	      5 	     29 	   9.308 	  4.813 	  3.878 
  2012 	      5 	     30 	  11.029 	  5.238 	  3.985 
  2012 	      5 	     31 	  10.646 	  4.954 	  4.377 
  2012 	      6 	      1 	   9.550 	  4.432 	  5.487 
  2012 	      6 	      2 	  13.204 	  5.190 	  5.659 
  2012 	      6 	      3 	  12.496 	  5.083 	  6.179 
  2012 	      6 	      4 	   5.233 	  3.858 	  6.810 
  2012 	      6 	      5 	   7.671 	  5.338 	  4.773 
  2012 	      6 	      6 	   9.954 	  5.341 	  4.185 
  2012 	      6 	      7 	  13.621 	  6.136 	  4.639 
  2012 	      6 	      8 	  11.425 	  5.450 	  5.736 
  2012 	      6 	      9 	   7.688 	  4.833 	  6.804 
  2012 	      6 	     10 	   6.808 	  4.818 	  7.784 
  2012 	      6 	     11 	   7.662 	  5.187 	  6.425 
  2012 	      6 	     12 	   4.171 	  4.092 	  6.101 
  2012 	      6 	     13 	   6.237 	  5.322 	  5.285 
  2012 	      6 	     14 	   8.542 	  5.595 	  4.720 
  2012 	      6 	     15 	  13.383 	  6.525 	  4.733 
  2012 	      6 	     16 	  15.521 	  6.555 	  5.520 
  2012 	      6 	     17 	  15.117 	  6.456 	  6.076 
  2012 	      6 	     18 	  16.421 	  6.287 	  6.256 
  2012 	      6 	     19 	  17.958 	  6.583 	  6.918 
  2012 	      6 	     20 	  15.796 	  6.315 	  7.519 
  2012 	      6 	     21 	  14.838 	  6.632 	  7.498 
  2012 	      6 	     22 	  12.621 	  6.609 	  7.856 
  2012 	      6 	     23 	  11.171 	  6.178 	  6.156 
  2012 	      6 	     24 	  13.967 	  6.906 	  5.641 
  2012 	      6 	     25 	  10.879 	  6.152 	  6.177 
  2012 	      6 	     26 	   9.804 	  5.568 	  6.249 
  2012 	      6 	     27 	  13.754 	  6.933 	  5.680 
  2012 	      6 	     28 	  17.063 	  7.527 	  5.361 
  2012 	      6 	     29 	  18.383 	  7.934 	  5.321 
  2012 	      6 	     30 	  19.658 	  8.476 	  5.314 
  2012 	      7 	      1 	  15.754 	  8.170 	  5.261 
  2012 	      7 	      2 	  12.850 	  7.332 	  4.877 
  2012 	      7 	      3 	  13.242 	  7.322 	  5.678 
  2012 	      7 	      4 	  13.517 	  7.527 	  5.328 
  2012 	      7 	      5 	  15.250 	  7.873 	  4.682 
  2012 	      7 	      6 	  12.271 	  7.356 	  4.160 
  2012 	      7 	      7 	  12.908 	  7.942 	  4.013 
  2012 	      7 	      8 	  13.804 	  7.563 	  3.615 
  2012 	      7 	      9 	  13.433 	  8.762 	  3.425 
  2012 	      7 	     10 	  12.658 	  7.937 	  3.306 
  2012 	      7 	     11 	  11.421 	  8.226 	  3.108 
  2012 	      7 	     12 	  10.288 	  8.147 	  2.904 
  2012 	      7 	     13 	  11.300 	  7.616 	  2.841 
  2012 	      7 	     14 	  10.817 	  7.840 	  3.201 
  2012 	      7 	     15 	   8.283 	  6.846 	  3.101 
  2012 	      7 	     16 	   8.029 	  6.952 	  2.563 
  2012 	      7 	     17 	  10.954 	  7.071 	  2.317 
  2012 	      7 	     18 	  14.738 	  8.580 	  2.296 
  2012 	      7 	     19 	  14.371 	  8.507 	  2.328 
  2012 	      7 	     20 	  11.704 	  8.794 	  2.409 
  2012 	      7 	     21 	   8.258 	  7.424 	  2.461 
  2012 	      7 	     22 	   7.317 	  6.495 	  2.104 
  2012 	      7 	     23 	   9.592 	  7.549 	  1.887 
  2012 	      7 	     24 	  15.312 	  9.117 	  1.906 
  2012 	      7 	     25 	  11.913 	  8.167 	  2.144 
  2012 	      7 	     26 	  15.621 	  9.331 	  2.307 
  2012 	      7 	     27 	  16.658 	  9.517 	  2.492 
  2012 	      7 	     28 	  13.225 	  8.799 	  2.685 
  2012 	      7 	     29 	  12.167 	  8.928 	  2.987 
  2012 	      7 	     30 	  11.833 	  8.795 	  2.572 
  2012 	      7 	     31 	  13.896 	  8.638 	  2.321 
  2012 	      8 	      1 	  16.113 	  8.874 	  2.147 
  2012 	      8 	      2 	  16.133 	  9.662 	  2.091 
  2012 	      8 	      3 	  14.692 	  9.447 	  2.363 
  2012 	      8 	      4 	  14.779 	  9.310 	  2.141 
  2012 	      8 	      5 	  13.438 	  9.402 	  2.647 
  2012 	      8 	      6 	  11.475 	  8.483 	  2.700 
  2012 	      8 	      7 	  11.388 	  9.070 	  2.753 
  2012 	      8 	      8 	  13.617 	  9.586 	  2.361 
  2012 	      8 	      9 	  13.004 	  8.761 	  2.145 
  2012 	      8 	     10 	  12.458 	  8.417 	  2.000 
  2012 	      8 	     11 	  11.771 	  8.277 	  1.906 
  2012 	      8 	     12 	  12.929 	  8.514 	  1.860 
  2012 	      8 	     13 	  13.617 	  8.867 	  1.840 
  2012 	      8 	     14 	  14.583 	  9.169 	  1.812 
  2012 	      8 	     15 	  16.475 	  9.307 	  1.736 
  2012 	      8 	     16 	  13.921 	  9.487 	  1.790 
  2012 	      8 	     17 	  15.746 	  9.824 	  1.702 
  2012 	      8 	     18 	  17.679 	  9.924 	  1.657 
  2012 	      8 	     19 	  19.017 	 10.190 	  1.632 
  2012 	      8 	     20 	  19.133 	 10.626 	  1.634 
  2012 	      8 	     21 	  17.579 	 10.371 	  1.737 
  2012 	      8 	     22 	  16.925 	 10.717 	  1.719 
  2012 	      8 	     23 	  16.267 	 10.471 	  1.812 
  2012 	      8 	     24 	  15.154 	 10.336 	  1.851 
  2012 	      8 	     25 	  13.908 	  9.966 	  2.487 
  2012 	      8 	     26 	   8.975 	  8.035 	  3.868 
  2012 	      8 	     27 	  10.425 	  7.847 	  2.364 
  2012 	      8 	     28 	  12.875 	  8.913 	  2.012 
  2012 	      8 	     29 	  14.275 	  9.260 	  1.877 
  2012 	      8 	     30 	  10.896 	  8.273 	  2.011 
  2012 	      8 	     31 	   5.192 	  6.280 	  2.587 
  2012 	      9 	      1 	   5.154 	  6.011 	  2.343 
  2012 	      9 	      2 	   9.946 	  7.666 	  2.203 
  2012 	      9 	      3 	  11.558 	  8.382 	  2.147 
  2012 	      9 	      4 	  12.246 	  8.289 	  2.043 
  2012 	      9 	      5 	  11.417 	  8.199 	  2.128 
  2012 	      9 	      6 	  11.075 	  8.384 	  2.020 
  2012 	      9 	      7 	  11.529 	  7.622 	  1.859 
  2012 	      9 	      8 	  11.742 	  7.649 	  1.779 
  2012 	      9 	      9 	  13.550 	  8.451 	  1.728 
  2012 	      9 	     10 	  12.125 	  7.848 	  1.699 
  2012 	      9 	     11 	  12.542 	  8.222 	  1.767 
  2012 	      9 	     12 	   5.858 	  6.439 	  1.989 
  2012 	      9 	     13 	   2.663 	  4.486 	  1.818 
  2012 	      9 	     14 	   5.096 	  5.878 	  1.730 
  2012 	      9 	     15 	   6.625 	  6.232 	  1.679 
  2012 	      9 	     16 	   9.179 	  6.563 	  1.631 
  2012 	      9 	     17 	  10.437 	  7.346 	  1.593 
  2012 	      9 	     18 	  12.083 	  7.780 	  1.558 
  2012 	      9 	     19 	   6.271 	  6.605 	  1.626 
  2012 	      9 	     20 	   4.271 	  5.263 	  1.558 
  2012 	      9 	     21 	   7.862 	  5.820 	  1.497 
  2012 	      9 	     22 	   9.892 	  7.204 	  1.480 
  2012 	      9 	     23 	  10.833 	  7.229 	  1.433 
  2012 	      9 	     24 	   9.408 	  7.064 	  1.680 
  2012 	      9 	     25 	   9.508 	  6.354 	  1.537 
  2012 	      9 	     26 	  12.646 	  6.979 	  1.658 
  2012 	      9 	     27 	   6.429 	  6.767 	  2.676 
  2012 	      9 	     28 	   7.367 	  6.323 	  1.884 
  2012 	      9 	     29 	   8.308 	  6.842 	  1.896 
  2012 	      9 	     30 	   9.067 	  7.003 	  1.825 
  2012 	     10 	      1 	   8.225 	  6.919 	  1.764 
  2012 	     10 	      2 	   7.683 	  6.784 	  1.699 
  2012 	     10 	      3 	   7.354 	  5.913 	  1.642 
  2012 	     10 	      4 	   8.338 	  6.171 	  1.613 
  2012 	     10 	      5 	   8.525 	  6.399 	  1.568 
  2012 	     10 	      6 	   9.567 	  6.270 	  1.525 
  2012 	     10 	      7 	   8.433 	  6.439 	  1.588 
  2012 	     10 	      8 	   6.846 	  5.923 	  1.558 
  2012 	     10 	      9 	   7.171 	  6.323 	  2.219 
  2012 	     10 	     10 	   6.588 	  6.054 	  2.905 
  2012 	     10 	     11 	   7.650 	  6.090 	  2.483 
  2012 	     10 	     12 	   5.600 	  5.314 	  2.204 
  2012 	     10 	     13 	   4.237 	  4.609 	  1.976 
  2012 	     10 	     14 	   5.654 	  4.483 	  1.848 
  2012 	     10 	     15 	   0.250 	  2.819 	  1.819 
  2012 	     10 	     16 	   0.000 	  3.091 	  1.763 
  2012 	     10 	     17 	   3.646 	  3.975 	  1.763 
  2012 	     10 	     18 	   7.646 	  5.055 	  1.782 
  2012 	     10 	     19 	   9.342 	  5.154 	  1.701 
  2012 	     10 	     20 	   8.896 	  4.807 	  1.659 
  2012 	     10 	     21 	  10.771 	  5.606 	  1.633 
  2012 	     10 	     22 	  10.746 	  6.244 	  1.611 
  2012 	     10 	     23 	   9.542 	  6.062 	  1.586 
  2012 	     10 	     24 	   8.125 	  5.762 	  1.557 
  2012 	     10 	     25 	   7.113 	  5.344 	  1.518 
  2012 	     10 	     26 	   5.829 	  5.012 	  1.497 
  2012 	     10 	     27 	   0.633 	  3.632 	  1.510 
  2012 	     10 	     28 	  -6.858 	  1.210 	  1.459 
  2012 	     10 	     29 	  -6.933 	  1.476 	  1.422 
  2012 	     10 	     30 	  -3.146 	  1.887 	  1.421 
  2012 	     10 	     31 	  -0.542 	  1.969 	  1.352 
  2012 	     11 	      1 	   1.312 	  2.972 	  1.367 
  2012 	     11 	      2 	   2.388 	  2.860 	  1.300 
  2012 	     11 	      3 	   4.708 	  3.331 	  1.272 
  2012 	     11 	      4 	   6.396 	  4.225 	  1.491 
  2012 	     11 	      5 	   0.633 	  2.659 	  1.539 
  2012 	     11 	      6 	  -1.821 	  2.258 	  1.367 
  2012 	     11 	      7 	  -2.425 	  1.892 	  1.284 
  2012 	     11 	      8 	   1.350 	  2.740 	  1.286 
  2012 	     11 	      9 	   2.679 	  2.911 	  1.250 
  2012 	     11 	     10 	   5.921 	  4.261 	  1.520 
  2012 	     11 	     11 	   2.733 	  3.553 	  1.929 
  2012 	     11 	     12 	   1.938 	  3.431 	  1.637 
  2012 	     11 	     13 	   0.546 	  2.547 	  1.546 
  2012 	     11 	     14 	   1.121 	  2.287 	  1.493 
  2012 	     11 	     15 	   1.242 	  2.036 	  1.433 
  2012 	     11 	     16 	   1.575 	  1.989 	  1.389 
  2012 	     11 	     17 	   1.458 	  2.057 	  1.344 
  2012 	     11 	     18 	   0.308 	  1.979 	  1.284 
  2012 	     11 	     19 	   0.854 	  1.997 	  1.234 
  2012 	     11 	     20 	   1.842 	  2.291 	  1.200 
  2012 	     11 	     21 	   2.888 	  2.154 	  1.133 
  2012 	     11 	     22 	   1.288 	  2.930 	  1.099 
  2012 	     11 	     23 	   1.254 	  2.404 	  1.029 
  2012 	     11 	     24 	   3.558 	  2.670 	  0.990 
  2012 	     11 	     25 	   2.367 	  2.459 	  0.960 
  2012 	     11 	     26 	   6.212 	  3.620 	  0.957 
  2012 	     11 	     27 	   4.858 	  3.183 	  0.932 
  2012 	     11 	     28 	  -0.879 	  2.221 	  0.931 
  2012 	     11 	     29 	  -3.725 	  1.501 	  0.910 
  2012 	     11 	     30 	  -6.983 	  0.818 	  0.854 
  2012 	     12 	      1 	  -7.425 	  0.521 	  0.868 
  2012 	     12 	      2 	  -8.125 	  0.579 	  0.850 
  2012 	     12 	      3 	  -6.946 	  0.770 	  0.848 
  2012 	     12 	      4 	  -2.879 	  1.585 	  0.846 
  2012 	     12 	      5 	  -7.146 	  0.968 	  0.817 
  2012 	     12 	      6 	  -8.983 	  0.444 	  0.799 
  2012 	     12 	      7 	  -9.938 	  0.323 	  0.782 
  2012 	     12 	      8 	  -10.321 	  0.516 	  0.784 
  2012 	     12 	      9 	  -10.392 	  0.414 	  0.782 
  2012 	     12 	     10 	  -5.712 	  0.755 	  0.772 
  2012 	     12 	     11 	  -9.400 	  0.674 	  0.762 
  2012 	     12 	     12 	  -13.958 	  0.313 	  0.723 
  2012 	     12 	     13 	  -9.850 	  0.365 	  0.727 
  2012 	     12 	     14 	  -1.513 	  1.308 	  0.736 
  2012 	     12 	     15 	   0.338 	  1.574 	  0.734 
  2012 	     12 	     16 	  -2.596 	  1.492 	  0.715 
  2012 	     12 	     17 	  -2.413 	  1.803 	  0.691 
  2012 	     12 	     18 	  -3.363 	  1.607 	  0.683 
  2012 	     12 	     19 	  -6.075 	  1.169 	  0.660 
  2012 	     12 	     20 	  -5.779 	  0.899 	  0.655 
  2012 	     12 	     21 	  -1.258 	  2.211 	  0.648 
  2012 	     12 	     22 	  -2.596 	  1.509 	  0.638 
  2012 	     12 	     23 	   1.254 	  1.980 	  0.659 
  2012 	     12 	     24 	   1.783 	  2.571 	  0.636 
  2012 	     12 	     25 	   3.442 	  2.482 	  0.622 
  2012 	     12 	     26 	  -1.421 	  1.912 	  0.612 
  2012 	     12 	     27 	  -2.113 	  1.454 	  0.601 
  2012 	     12 	     28 	  -2.796 	  0.783 	  0.606 
  2012 	     12 	     29 	  -1.371 	  1.598 	  0.583 
  2012 	     12 	     30 	  -3.863 	  0.893 	  0.581 
  2012 	     12 	     31 	  -4.329 	 -999.000 	  0.566 
