  2010 	      1 	      1 	   4.196 	  5.581 	  4.648 
  2010 	      1 	      2 	  -2.012 	  3.128 	  3.061 
  2010 	      1 	      3 	  -5.750 	  1.136 	  2.244 
  2010 	      1 	      4 	  -3.312 	  1.064 	  1.890 
  2010 	      1 	      5 	  -2.208 	  1.528 	  1.674 
  2010 	      1 	      6 	  -0.792 	  1.982 	  1.504 
  2010 	      1 	      7 	  -2.921 	  1.515 	  1.309 
  2010 	      1 	      8 	  -1.233 	  0.916 	  1.251 
  2010 	      1 	      9 	  -3.629 	  0.137 	  1.115 
  2010 	      1 	     10 	  -8.146 	  0.053 	  1.192 
  2010 	      1 	     11 	  -4.175 	  0.101 	  1.373 
  2010 	      1 	     12 	  -2.946 	  0.453 	  1.000 
  2010 	      1 	     13 	  -1.154 	  0.549 	  1.006 
  2010 	      1 	     14 	   0.958 	  1.534 	  0.966 
  2010 	      1 	     15 	   0.975 	  2.156 	  0.876 
  2010 	      1 	     16 	   0.796 	  2.200 	  0.860 
  2010 	      1 	     17 	   3.717 	  3.103 	  2.435 
  2010 	      1 	     18 	   1.046 	  2.859 	  2.115 
  2010 	      1 	     19 	  -2.108 	  1.791 	  1.657 
  2010 	      1 	     20 	  -0.554 	  1.758 	  1.460 
  2010 	      1 	     21 	   0.746 	  2.164 	  1.303 
  2010 	      1 	     22 	   0.913 	  2.722 	  1.198 
  2010 	      1 	     23 	  -0.225 	  2.069 	  1.121 
  2010 	      1 	     24 	  -1.117 	  1.636 	  1.051 
  2010 	      1 	     25 	   1.475 	  2.507 	  1.092 
  2010 	      1 	     26 	   0.250 	  2.524 	  1.038 
  2010 	      1 	     27 	  -3.592 	  0.529 	  0.942 
  2010 	      1 	     28 	  -1.233 	  0.600 	  0.995 
  2010 	      1 	     29 	   0.438 	  1.218 	  0.995 
  2010 	      1 	     30 	  -0.683 	  1.212 	  0.929 
  2010 	      1 	     31 	  -4.312 	  0.064 	  0.840 
  2010 	      2 	      1 	  -5.167 	  0.068 	  0.818 
  2010 	      2 	      2 	  -0.054 	  0.069 	  0.796 
  2010 	      2 	      3 	   2.821 	  0.610 	  0.805 
  2010 	      2 	      4 	  -1.675 	  0.483 	  0.751 
  2010 	      2 	      5 	   0.858 	  0.698 	  1.573 
  2010 	      2 	      6 	   1.354 	  2.014 	  1.960 
  2010 	      2 	      7 	   2.067 	  2.706 	  1.731 
  2010 	      2 	      8 	   0.696 	  2.674 	  1.630 
  2010 	      2 	      9 	  -0.508 	  1.943 	  1.459 
  2010 	      2 	     10 	  -2.292 	  1.571 	  1.268 
  2010 	      2 	     11 	  -4.983 	  0.090 	  0.982 
  2010 	      2 	     12 	  -3.637 	  0.077 	  0.830 
  2010 	      2 	     13 	  -3.642 	  0.050 	  1.085 
  2010 	      2 	     14 	  -2.983 	  0.100 	  1.034 
  2010 	      2 	     15 	  -3.454 	  0.308 	  0.744 
  2010 	      2 	     16 	  -3.213 	  0.074 	  1.071 
  2010 	      2 	     17 	   0.904 	  0.818 	  0.891 
  2010 	      2 	     18 	   3.333 	  1.677 	  1.153 
  2010 	      2 	     19 	   2.488 	  1.678 	  2.403 
  2010 	      2 	     20 	   1.375 	  2.274 	  2.244 
  2010 	      2 	     21 	   3.750 	  2.851 	  1.826 
  2010 	      2 	     22 	   6.729 	  3.764 	  3.465 
  2010 	      2 	     23 	   6.842 	  3.810 	  8.803 
  2010 	      2 	     24 	   5.896 	  4.109 	  7.600 
  2010 	      2 	     25 	   5.792 	  4.241 	  5.573 
  2010 	      2 	     26 	   6.146 	  4.291 	  8.496 
  2010 	      2 	     27 	   4.396 	  3.892 	  4.111 
  2010 	      2 	     28 	   7.650 	  5.416 	  3.718 
  2010 	      3 	      1 	   6.521 	  4.466 	  3.020 
  2010 	      3 	      2 	   6.071 	  4.958 	  2.433 
  2010 	      3 	      3 	   4.638 	  4.305 	  2.192 
  2010 	      3 	      4 	   2.913 	  3.849 	  1.931 
  2010 	      3 	      5 	  -0.096 	  2.229 	  1.616 
  2010 	      3 	      6 	  -1.437 	  1.126 	  1.518 
  2010 	      3 	      7 	  -2.217 	  0.619 	  1.408 
  2010 	      3 	      8 	  -2.008 	  0.299 	  1.347 
  2010 	      3 	      9 	  -3.400 	  0.074 	  1.269 
  2010 	      3 	     10 	  -2.029 	  0.085 	  1.183 
  2010 	      3 	     11 	  -1.754 	  0.285 	  1.228 
  2010 	      3 	     12 	  -2.025 	  0.434 	  1.126 
  2010 	      3 	     13 	  -1.071 	  0.648 	  1.051 
  2010 	      3 	     14 	   0.650 	  1.201 	  1.008 
  2010 	      3 	     15 	   2.471 	  2.567 	  0.964 
  2010 	      3 	     16 	   4.004 	  3.343 	  0.946 
  2010 	      3 	     17 	   3.867 	  3.490 	  0.910 
  2010 	      3 	     18 	   6.588 	  4.403 	  0.923 
  2010 	      3 	     19 	  10.471 	  6.455 	  0.931 
  2010 	      3 	     20 	  11.667 	  7.461 	  0.962 
  2010 	      3 	     21 	  10.708 	  8.322 	  1.487 
  2010 	      3 	     22 	   8.771 	  8.248 	  1.203 
  2010 	      3 	     23 	   7.246 	  7.460 	  0.987 
  2010 	      3 	     24 	   8.304 	  7.403 	  0.933 
  2010 	      3 	     25 	  11.667 	  8.533 	  0.900 
  2010 	      3 	     26 	   6.612 	  7.290 	  1.496 
  2010 	      3 	     27 	   6.721 	  6.601 	  2.341 
  2010 	      3 	     28 	   8.471 	  7.140 	  2.559 
  2010 	      3 	     29 	  10.283 	  8.264 	  1.974 
  2010 	      3 	     30 	   6.404 	  7.283 	  1.685 
  2010 	      3 	     31 	   5.933 	  6.646 	  1.501 
  2010 	      4 	      1 	   4.479 	  5.817 	  2.754 
  2010 	      4 	      2 	   5.654 	  5.733 	  2.332 
  2010 	      4 	      3 	   8.712 	  7.134 	  1.944 
  2010 	      4 	      4 	   7.025 	  6.760 	  5.944 
  2010 	      4 	      5 	   6.058 	  6.377 	  2.850 
  2010 	      4 	      6 	   5.733 	  6.327 	  2.222 
  2010 	      4 	      7 	   8.704 	  7.182 	  1.872 
  2010 	      4 	      8 	  10.450 	  8.446 	  1.631 
  2010 	      4 	      9 	  11.588 	  9.333 	  1.496 
  2010 	      4 	     10 	   9.171 	  9.262 	  1.375 
  2010 	      4 	     11 	   7.667 	  8.110 	  1.308 
  2010 	      4 	     12 	   6.042 	  6.725 	  1.222 
  2010 	      4 	     13 	   5.471 	  6.886 	  1.145 
  2010 	      4 	     14 	   5.858 	  6.917 	  1.067 
  2010 	      4 	     15 	   7.421 	  7.324 	  1.018 
  2010 	      4 	     16 	   7.979 	  7.609 	  0.979 
  2010 	      4 	     17 	   9.500 	  8.400 	  0.943 
  2010 	      4 	     18 	  10.258 	  9.087 	  0.924 
  2010 	      4 	     19 	  11.692 	 10.071 	  0.873 
  2010 	      4 	     20 	  11.650 	  9.832 	  0.836 
  2010 	      4 	     21 	  12.350 	 10.689 	  0.806 
  2010 	      4 	     22 	  10.617 	 10.688 	  0.785 
  2010 	      4 	     23 	  11.917 	 11.025 	  0.775 
  2010 	      4 	     24 	  12.383 	 11.419 	  0.735 
  2010 	      4 	     25 	  14.750 	 12.410 	  0.709 
  2010 	      4 	     26 	  16.108 	 13.486 	  0.677 
  2010 	      4 	     27 	  13.583 	 13.153 	  0.668 
  2010 	      4 	     28 	  14.279 	 13.024 	  0.658 
  2010 	      4 	     29 	  17.229 	 13.790 	  0.646 
  2010 	      4 	     30 	  17.275 	 14.345 	  0.645 
  2010 	      5 	      1 	  13.008 	 12.893 	  0.695 
  2010 	      5 	      2 	  10.492 	 11.446 	  1.491 
  2010 	      5 	      3 	  10.250 	 10.601 	  0.941 
  2010 	      5 	      4 	   9.983 	  9.744 	  0.838 
  2010 	      5 	      5 	   8.321 	  9.173 	  0.892 
  2010 	      5 	      6 	   7.933 	  8.750 	  0.881 
  2010 	      5 	      7 	   9.308 	  9.153 	  0.736 
  2010 	      5 	      8 	  11.554 	 10.816 	  0.698 
  2010 	      5 	      9 	  11.375 	 11.164 	  0.859 
  2010 	      5 	     10 	  12.837 	 11.975 	  0.924 
  2010 	      5 	     11 	  11.892 	 11.848 	  1.204 
  2010 	      5 	     12 	  11.317 	 11.526 	  1.105 
  2010 	      5 	     13 	   9.925 	 10.854 	  1.396 
  2010 	      5 	     14 	   9.779 	 10.183 	  1.032 
  2010 	      5 	     15 	   9.508 	  9.690 	  0.877 
  2010 	      5 	     16 	   9.917 	  9.808 	  0.771 
  2010 	      5 	     17 	  10.908 	  9.814 	  0.705 
  2010 	      5 	     18 	  11.792 	 11.125 	  0.670 
  2010 	      5 	     19 	  10.346 	 10.440 	  0.649 
  2010 	      5 	     20 	  11.188 	 10.652 	  0.626 
  2010 	      5 	     21 	  13.521 	 12.268 	  0.628 
  2010 	      5 	     22 	  15.808 	 13.445 	  0.596 
  2010 	      5 	     23 	  17.325 	 14.217 	  0.573 
  2010 	      5 	     24 	  18.004 	 14.779 	  0.536 
  2010 	      5 	     25 	  20.425 	 15.536 	  0.503 
  2010 	      5 	     26 	  18.479 	 15.556 	  0.522 
  2010 	      5 	     27 	  14.529 	 14.522 	  0.946 
  2010 	      5 	     28 	  15.204 	 14.124 	  0.575 
  2010 	      5 	     29 	  16.108 	 14.984 	  0.530 
  2010 	      5 	     30 	  14.767 	 14.106 	  1.084 
  2010 	      5 	     31 	  13.121 	 13.080 	  1.230 
  2010 	      6 	      1 	  12.350 	 12.233 	  0.698 
  2010 	      6 	      2 	  13.983 	 13.279 	  0.638 
  2010 	      6 	      3 	  14.567 	 13.397 	  0.556 
  2010 	      6 	      4 	  17.271 	 14.616 	  0.530 
  2010 	      6 	      5 	  19.362 	 15.929 	  0.497 
  2010 	      6 	      6 	  19.946 	 16.988 	  0.476 
  2010 	      6 	      7 	  17.975 	 16.747 	  0.459 
  2010 	      6 	      8 	  17.004 	 15.348 	  0.489 
  2010 	      6 	      9 	  20.283 	 16.517 	  0.471 
  2010 	      6 	     10 	  22.979 	 17.917 	  0.401 
  2010 	      6 	     11 	  20.033 	 18.139 	  0.421 
  2010 	      6 	     12 	  17.729 	 17.016 	  0.386 
  2010 	      6 	     13 	  17.942 	 16.907 	  0.403 
  2010 	      6 	     14 	  16.462 	 16.482 	  0.381 
  2010 	      6 	     15 	  17.208 	 15.722 	  0.443 
  2010 	      6 	     16 	  15.596 	 15.290 	  0.494 
  2010 	      6 	     17 	  15.592 	 14.713 	  1.427 
  2010 	      6 	     18 	  15.479 	 14.836 	  0.604 
  2010 	      6 	     19 	  12.571 	 13.886 	  0.708 
  2010 	      6 	     20 	  11.204 	 11.918 	  0.832 
  2010 	      6 	     21 	  12.833 	 12.047 	  0.531 
  2010 	      6 	     22 	  13.333 	 12.757 	  0.448 
  2010 	      6 	     23 	  15.233 	 14.028 	  0.403 
  2010 	      6 	     24 	  16.696 	 14.940 	  0.364 
  2010 	      6 	     25 	  17.975 	 15.723 	  0.326 
  2010 	      6 	     26 	  19.342 	 16.558 	  0.313 
  2010 	      6 	     27 	  20.238 	 17.454 	  0.325 
  2010 	      6 	     28 	  20.821 	 17.934 	  0.341 
  2010 	      6 	     29 	  20.621 	 18.416 	  0.327 
  2010 	      6 	     30 	  21.475 	 18.693 	  0.362 
  2010 	      7 	      1 	  21.625 	 19.272 	  0.311 
  2010 	      7 	      2 	  23.283 	 19.875 	  0.306 
  2010 	      7 	      3 	  22.650 	 20.060 	  0.283 
  2010 	      7 	      4 	  22.217 	 20.065 	  0.284 
  2010 	      7 	      5 	  21.967 	 19.495 	  0.287 
  2010 	      7 	      6 	  21.067 	 19.154 	  0.240 
  2010 	      7 	      7 	  19.700 	 18.301 	  0.236 
  2010 	      7 	      8 	  22.125 	 18.855 	  0.230 
  2010 	      7 	      9 	  23.371 	 19.717 	  0.220 
  2010 	      7 	     10 	  23.467 	 20.594 	  0.236 
  2010 	      7 	     11 	  23.579 	 20.968 	  0.250 
  2010 	      7 	     12 	  22.513 	 21.183 	  0.225 
  2010 	      7 	     13 	  23.533 	 20.961 	  0.249 
  2010 	      7 	     14 	  25.112 	 21.696 	  0.218 
  2010 	      7 	     15 	  22.925 	 20.787 	  0.222 
  2010 	      7 	     16 	  23.379 	 20.472 	  0.193 
  2010 	      7 	     17 	  19.679 	 19.312 	  0.229 
  2010 	      7 	     18 	  19.096 	 18.195 	  0.274 
  2010 	      7 	     19 	  20.688 	 18.655 	  0.252 
  2010 	      7 	     20 	  21.667 	 18.969 	  0.245 
  2010 	      7 	     21 	  23.579 	 19.510 	  0.249 
  2010 	      7 	     22 	  19.479 	 18.985 	  0.319 
  2010 	      7 	     23 	  16.554 	 17.388 	  0.467 
  2010 	      7 	     24 	  15.779 	 16.266 	  0.298 
  2010 	      7 	     25 	  15.567 	 15.927 	  0.208 
  2010 	      7 	     26 	  17.788 	 16.272 	  0.183 
  2010 	      7 	     27 	  18.704 	 17.064 	  0.258 
  2010 	      7 	     28 	  17.275 	 16.041 	  0.217 
  2010 	      7 	     29 	  17.662 	 16.581 	  0.546 
  2010 	      7 	     30 	  15.992 	 16.375 	  0.370 
  2010 	      7 	     31 	  17.342 	 16.153 	  0.221 
  2010 	      8 	      1 	  20.108 	 17.397 	  0.227 
  2010 	      8 	      2 	  17.071 	 16.862 	  0.986 
  2010 	      8 	      3 	  17.883 	 17.064 	  0.506 
  2010 	      8 	      4 	  17.296 	 16.329 	  0.251 
  2010 	      8 	      5 	  14.779 	 15.222 	  1.040 
  2010 	      8 	      6 	  15.258 	 15.071 	  0.477 
  2010 	      8 	      7 	  16.017 	 15.095 	  0.268 
  2010 	      8 	      8 	  18.383 	 16.087 	  0.253 
  2010 	      8 	      9 	  18.742 	 16.653 	  0.201 
  2010 	      8 	     10 	  20.733 	 17.765 	  0.187 
  2010 	      8 	     11 	  21.571 	 18.297 	  0.177 
  2010 	      8 	     12 	  19.296 	 17.386 	  1.008 
  2010 	      8 	     13 	  17.629 	 17.108 	  0.388 
  2010 	      8 	     14 	  15.913 	 16.050 	  0.296 
  2010 	      8 	     15 	  14.338 	 14.631 	  2.364 
  2010 	      8 	     16 	  13.087 	 13.435 	  1.229 
  2010 	      8 	     17 	  16.458 	 14.100 	  0.824 
  2010 	      8 	     18 	  17.230 	 14.900 	  0.492 
  2010 	      8 	     19 	  19.542 	 16.541 	  0.406 
  2010 	      8 	     20 	  20.150 	 17.567 	  0.339 
  2010 	      8 	     21 	  20.546 	 18.185 	  0.293 
  2010 	      8 	     22 	  21.688 	 18.545 	  0.275 
  2010 	      8 	     23 	  20.633 	 18.352 	  0.331 
  2010 	      8 	     24 	  19.654 	 18.228 	  0.543 
  2010 	      8 	     25 	  17.223 	 16.490 	  0.304 
  2010 	      8 	     26 	  23.213 	 17.705 	  0.241 
  2010 	      8 	     27 	  20.104 	 17.911 	  0.985 
  2010 	      8 	     28 	  15.829 	 16.431 	  0.836 
  2010 	      8 	     29 	  13.467 	 14.030 	  0.412 
  2010 	      8 	     30 	  12.571 	 13.577 	  0.395 
  2010 	      8 	     31 	  13.208 	 13.256 	  0.357 
  2010 	      9 	      1 	  13.729 	 13.025 	  0.283 
  2010 	      9 	      2 	  12.917 	 12.874 	  0.270 
  2010 	      9 	      3 	  14.979 	 13.617 	  0.265 
  2010 	      9 	      4 	  16.229 	 14.277 	  0.252 
  2010 	      9 	      5 	  15.212 	 14.490 	  0.229 
  2010 	      9 	      6 	  15.058 	 14.292 	  0.232 
  2010 	      9 	      7 	  15.504 	 14.589 	  0.353 
  2010 	      9 	      8 	  15.608 	 15.010 	  0.407 
  2010 	      9 	      9 	  13.088 	 13.903 	  0.240 
  2010 	      9 	     10 	  14.096 	 13.950 	  0.210 
  2010 	      9 	     11 	  13.438 	 13.528 	  0.198 
  2010 	      9 	     12 	  15.896 	 13.885 	  0.194 
  2010 	      9 	     13 	  14.871 	 13.808 	  0.324 
  2010 	      9 	     14 	  12.275 	 12.610 	  0.188 
  2010 	      9 	     15 	  14.967 	 12.461 	  0.187 
  2010 	      9 	     16 	  16.412 	 13.685 	  0.185 
  2010 	      9 	     17 	  14.296 	 13.704 	  0.194 
  2010 	      9 	     18 	  10.633 	 12.339 	  0.176 
  2010 	      9 	     19 	  10.208 	 11.126 	  0.172 
  2010 	      9 	     20 	  11.387 	 10.929 	  0.162 
  2010 	      9 	     21 	  12.533 	 11.390 	  0.160 
  2010 	      9 	     22 	  13.429 	 11.861 	  0.152 
  2010 	      9 	     23 	  14.717 	 12.339 	  0.160 
  2010 	      9 	     24 	  12.971 	 12.398 	  0.287 
  2010 	      9 	     25 	  10.562 	 11.744 	  0.464 
  2010 	      9 	     26 	   8.442 	 10.617 	  0.247 
  2010 	      9 	     27 	   6.904 	  9.128 	  0.189 
  2010 	      9 	     28 	   8.263 	  8.955 	  0.181 
  2010 	      9 	     29 	   9.921 	  9.185 	  0.174 
  2010 	      9 	     30 	  12.879 	 10.895 	  0.200 
  2010 	     10 	      1 	  11.896 	 11.247 	  0.241 
  2010 	     10 	      2 	  13.529 	 11.177 	  0.180 
  2010 	     10 	      3 	  13.478 	 11.326 	  0.168 
  2010 	     10 	      4 	  14.838 	 11.839 	  0.164 
  2010 	     10 	      5 	  13.442 	 12.351 	  0.170 
  2010 	     10 	      6 	  11.983 	 11.723 	  0.162 
  2010 	     10 	      7 	  12.150 	 11.546 	  0.176 
  2010 	     10 	      8 	  13.977 	 12.577 	  0.196 
  2010 	     10 	      9 	  13.871 	 13.146 	  0.220 
  2010 	     10 	     10 	  12.950 	 12.815 	  0.239 
  2010 	     10 	     11 	   9.142 	 11.198 	  0.218 
  2010 	     10 	     12 	   7.854 	  9.447 	  0.182 
  2010 	     10 	     13 	  10.308 	  9.673 	  0.188 
  2010 	     10 	     14 	   9.358 	  9.688 	  0.184 
  2010 	     10 	     15 	   9.612 	  9.141 	  0.171 
  2010 	     10 	     16 	   7.046 	  8.677 	  0.228 
  2010 	     10 	     17 	   7.233 	  8.453 	  0.269 
  2010 	     10 	     18 	   7.508 	  8.299 	  0.219 
  2010 	     10 	     19 	   5.004 	  6.770 	  0.197 
  2010 	     10 	     20 	   7.017 	  7.404 	  0.382 
  2010 	     10 	     21 	   2.138 	  5.352 	  0.206 
  2010 	     10 	     22 	   2.863 	  4.553 	  0.186 
  2010 	     10 	     23 	   9.737 	  6.596 	  0.254 
  2010 	     10 	     24 	   7.154 	  7.786 	  1.148 
  2010 	     10 	     25 	   6.396 	  6.732 	  0.699 
  2010 	     10 	     26 	   5.804 	  5.368 	  0.395 
  2010 	     10 	     27 	   2.412 	  4.304 	  0.287 
  2010 	     10 	     28 	   4.504 	  4.577 	  0.271 
  2010 	     10 	     29 	   4.608 	  4.933 	  0.255 
  2010 	     10 	     30 	   8.342 	  5.983 	  0.269 
  2010 	     10 	     31 	   8.737 	  7.316 	  0.267 
  2010 	     11 	      1 	   9.004 	  7.722 	  0.255 
  2010 	     11 	      2 	   8.362 	  7.638 	  0.233 
  2010 	     11 	      3 	   9.257 	  7.396 	  0.224 
  2010 	     11 	      4 	  11.574 	  8.689 	  0.228 
  2010 	     11 	      5 	   9.771 	  8.024 	  0.210 
  2010 	     11 	      6 	  11.208 	  8.563 	  0.218 
  2010 	     11 	      7 	   7.933 	  8.326 	  0.479 
  2010 	     11 	      8 	   4.721 	  6.629 	  0.471 
  2010 	     11 	      9 	   6.917 	  6.689 	  0.666 
  2010 	     11 	     10 	   3.408 	  6.854 	  0.509 
  2010 	     11 	     11 	   3.278 	  6.125 	  0.448 
  2010 	     11 	     12 	   2.313 	  8.210 	  1.845 
  2010 	     11 	     13 	  11.987 	  9.661 	  1.243 
  2010 	     11 	     14 	   9.804 	  8.209 	  0.657 
  2010 	     11 	     15 	   8.063 	  8.847 	  1.779 
  2010 	     11 	     16 	   5.192 	  7.391 	  3.488 
  2010 	     11 	     17 	   3.683 	  6.112 	  1.511 
  2010 	     11 	     18 	   4.188 	  5.619 	  1.140 
  2010 	     11 	     19 	   2.788 	  5.151 	  0.877 
  2010 	     11 	     20 	   3.887 	  4.543 	  0.724 
  2010 	     11 	     21 	   4.183 	  5.041 	  0.647 
  2010 	     11 	     22 	   4.354 	  5.276 	  0.580 
  2010 	     11 	     23 	   3.142 	  4.846 	  0.535 
  2010 	     11 	     24 	   2.663 	  3.930 	  0.478 
  2010 	     11 	     25 	   1.821 	  3.309 	  0.460 
  2010 	     11 	     26 	  -0.275 	  2.288 	  0.477 
  2010 	     11 	     27 	  -4.233 	  0.194 	  0.506 
  2010 	     11 	     28 	  -0.875 	  0.420 	  0.536 
  2010 	     11 	     29 	  -3.454 	  0.743 	  0.568 
  2010 	     11 	     30 	  -5.558 	  0.058 	  0.602 
  2010 	     12 	      1 	  -1.971 	  0.058 	  0.642 
  2010 	     12 	      2 	  -7.312 	  0.046 	  0.786 
  2010 	     12 	      3 	  -4.879 	  0.045 	  0.822 
  2010 	     12 	      4 	  -7.883 	  0.054 	  0.703 
  2010 	     12 	      5 	  -3.825 	  0.062 	  1.002 
  2010 	     12 	      6 	   2.650 	  1.174 	  6.269 
  2010 	     12 	      7 	   6.470 	  4.892 	 12.842 
  2010 	     12 	      8 	   7.858 	  5.870 	  5.204 
  2010 	     12 	      9 	   1.733 	  4.813 	  6.823 
  2010 	     12 	     10 	  -1.383 	  2.772 	  2.696 
  2010 	     12 	     11 	   0.008 	  2.704 	  1.979 
  2010 	     12 	     12 	  -0.233 	  2.167 	  1.626 
  2010 	     12 	     13 	  -1.967 	  1.422 	  1.353 
  2010 	     12 	     14 	  -3.963 	  0.179 	  1.166 
  2010 	     12 	     15 	  -3.521 	  0.055 	  1.218 
  2010 	     12 	     16 	  -3.550 	  0.066 	  1.436 
  2010 	     12 	     17 	  -1.383 	  0.055 	  1.295 
  2010 	     12 	     18 	  -6.196 	  0.057 	  1.096 
  2010 	     12 	     19 	   1.704 	  0.070 	  1.091 
  2010 	     12 	     20 	   6.746 	  0.772 	  1.504 
  2010 	     12 	     21 	   2.375 	  1.630 	  1.370 
  2010 	     12 	     22 	   3.954 	  3.941 	  3.897 
  2010 	     12 	     23 	   4.254 	  4.542 	  2.704 
  2010 	     12 	     24 	   0.612 	  3.609 	  3.063 
  2010 	     12 	     25 	  -3.025 	  1.829 	  2.258 
  2010 	     12 	     26 	  -5.092 	  0.109 	  1.984 
  2010 	     12 	     27 	  -6.433 	  0.078 	  1.545 
  2010 	     12 	     28 	  -2.829 	  0.085 	  1.595 
  2010 	     12 	     29 	  -1.117 	  0.230 	  1.315 
  2010 	     12 	     30 	   0.408 	  1.275 	  1.245 
  2010 	     12 	     31 	   0.817 	  2.115 	  1.118 
  2011 	      1 	      1 	   0.942 	  2.610 	  1.110 
  2011 	      1 	      2 	   0.933 	  2.453 	  1.101 
  2011 	      1 	      3 	  -2.487 	  0.402 	  0.940 
  2011 	      1 	      4 	  -3.087 	  0.097 	  1.049 
  2011 	      1 	      5 	  -1.896 	  0.471 	  0.945 
  2011 	      1 	      6 	   5.783 	  1.876 	  1.490 
  2011 	      1 	      7 	   7.417 	  4.524 	  3.548 
  2011 	      1 	      8 	   7.517 	  5.341 	  2.905 
  2011 	      1 	      9 	   5.221 	  4.990 	  5.207 
  2011 	      1 	     10 	   4.679 	  5.280 	  6.380 
  2011 	      1 	     11 	   4.267 	  5.085 	  3.376 
  2011 	      1 	     12 	   5.133 	  5.182 	  2.764 
  2011 	      1 	     13 	   8.096 	  6.166 	  2.608 
  2011 	      1 	     14 	   8.708 	  6.718 	  2.260 
  2011 	      1 	     15 	   6.367 	  5.568 	  1.920 
  2011 	      1 	     16 	  -0.396 	  3.444 	  1.697 
  2011 	      1 	     17 	   0.150 	  2.773 	  1.518 
  2011 	      1 	     18 	   1.279 	  3.174 	  1.425 
  2011 	      1 	     19 	   2.212 	  3.336 	  1.329 
  2011 	      1 	     20 	  -1.421 	  1.875 	  1.230 
  2011 	      1 	     21 	  -0.500 	  0.915 	  1.136 
  2011 	      1 	     22 	  -2.229 	  0.041 	  1.036 
  2011 	      1 	     23 	  -3.025 	  0.058 	  1.058 
  2011 	      1 	     24 	  -4.633 	  0.065 	  1.080 
  2011 	      1 	     25 	   0.054 	  0.073 	  1.102 
  2011 	      1 	     26 	   0.554 	  0.391 	  1.094 
  2011 	      1 	     27 	   1.029 	  0.947 	  0.909 
  2011 	      1 	     28 	   1.004 	  1.230 	  0.841 
  2011 	      1 	     29 	  -0.221 	  1.064 	  0.806 
  2011 	      1 	     30 	  -1.758 	  0.482 	  0.767 
  2011 	      1 	     31 	  -1.871 	  0.481 	  0.714 
  2011 	      2 	      1 	  -1.979 	  0.420 	  0.681 
  2011 	      2 	      2 	  -2.270 	  0.243 	  0.610 
  2011 	      2 	      3 	  -3.129 	  0.057 	  0.641 
  2011 	      2 	      4 	   3.250 	  0.840 	  0.683 
  2011 	      2 	      5 	   2.954 	  0.944 	  0.668 
  2011 	      2 	      6 	  -0.063 	  0.632 	  0.661 
  2011 	      2 	      7 	  -0.096 	  0.428 	  0.674 
  2011 	      2 	      8 	  -0.100 	  0.491 	  0.674 
  2011 	      2 	      9 	  -0.833 	  0.484 	  0.640 
  2011 	      2 	     10 	   0.675 	  0.542 	  0.635 
  2011 	      2 	     11 	   2.508 	  1.329 	  0.615 
  2011 	      2 	     12 	   2.267 	  1.495 	  0.617 
  2011 	      2 	     13 	   3.571 	  2.511 	  0.623 
  2011 	      2 	     14 	   3.267 	  2.442 	  0.617 
  2011 	      2 	     15 	   3.808 	  3.613 	  0.951 
  2011 	      2 	     16 	   2.738 	  3.344 	  0.752 
  2011 	      2 	     17 	   3.150 	  3.688 	  0.677 
  2011 	      2 	     18 	   0.508 	  2.622 	  0.610 
  2011 	      2 	     19 	   2.079 	  2.736 	  0.593 
  2011 	      2 	     20 	   4.154 	  3.685 	  0.911 
  2011 	      2 	     21 	   3.688 	  3.953 	  0.883 
  2011 	      2 	     22 	   2.596 	  3.444 	  0.807 
  2011 	      2 	     23 	   0.229 	  2.279 	  0.688 
  2011 	      2 	     24 	   0.721 	  1.968 	  0.756 
  2011 	      2 	     25 	   3.138 	  3.601 	  0.798 
  2011 	      2 	     26 	   5.054 	  4.489 	  0.887 
  2011 	      2 	     27 	   4.921 	  4.965 	  1.416 
  2011 	      2 	     28 	   3.650 	  4.066 	  1.244 
  2011 	      3 	      1 	   4.838 	  3.995 	  1.045 
  2011 	      3 	      2 	   1.888 	  3.287 	  0.909 
  2011 	      3 	      3 	   1.421 	  2.163 	  0.833 
  2011 	      3 	      4 	  -0.450 	  1.750 	  0.760 
  2011 	      3 	      5 	   0.975 	  1.942 	  0.742 
  2011 	      3 	      6 	   3.154 	  2.680 	  0.721 
  2011 	      3 	      7 	   1.092 	  2.924 	  0.666 
  2011 	      3 	      8 	   1.858 	  2.729 	  0.643 
  2011 	      3 	      9 	   3.575 	  3.415 	  0.635 
  2011 	      3 	     10 	   8.729 	  4.754 	  0.624 
  2011 	      3 	     11 	   7.079 	  4.938 	  0.605 
  2011 	      3 	     12 	   3.735 	  4.256 	  0.616 
  2011 	      3 	     13 	   8.420 	  5.641 	  0.619 
  2011 	      3 	     14 	   8.525 	  6.713 	  0.580 
  2011 	      3 	     15 	   6.829 	  6.260 	  0.566 
  2011 	      3 	     16 	   8.896 	  6.672 	  0.584 
  2011 	      3 	     17 	   8.112 	  7.162 	  0.668 
  2011 	      3 	     18 	   7.658 	  7.072 	  0.552 
  2011 	      3 	     19 	   6.613 	  7.003 	  0.738 
  2011 	      3 	     20 	   5.479 	  5.659 	  0.595 
  2011 	      3 	     21 	   6.388 	  5.159 	  0.549 
  2011 	      3 	     22 	   5.246 	  5.076 	  0.517 
  2011 	      3 	     23 	   6.500 	  5.485 	  0.503 
  2011 	      3 	     24 	   6.775 	  6.265 	  0.498 
  2011 	      3 	     25 	   9.525 	  7.179 	  0.500 
  2011 	      3 	     26 	   8.138 	  7.322 	  0.505 
  2011 	      3 	     27 	   8.929 	  7.909 	  0.496 
  2011 	      3 	     28 	   9.167 	  9.204 	  0.502 
  2011 	      3 	     29 	   7.771 	  8.607 	  0.478 
  2011 	      3 	     30 	  10.567 	  9.489 	  0.621 
  2011 	      3 	     31 	  11.013 	  9.447 	  0.530 
  2011 	      4 	      1 	  11.788 	 10.260 	  0.537 
  2011 	      4 	      2 	  11.542 	 10.460 	  0.503 
  2011 	      4 	      3 	  13.867 	 11.162 	  0.491 
  2011 	      4 	      4 	  10.208 	 10.835 	  1.097 
  2011 	      4 	      5 	   8.300 	  9.231 	  0.646 
  2011 	      4 	      6 	  11.854 	 10.247 	  0.553 
  2011 	      4 	      7 	  15.483 	 11.788 	  0.519 
  2011 	      4 	      8 	  14.829 	 12.584 	  0.484 
  2011 	      4 	      9 	  15.708 	 12.610 	  0.476 
  2011 	      4 	     10 	  15.533 	 12.655 	  0.462 
  2011 	      4 	     11 	  14.496 	 12.329 	  0.443 
  2011 	      4 	     12 	  11.550 	 11.260 	  0.439 
  2011 	      4 	     13 	   7.258 	  9.616 	  0.428 
  2011 	      4 	     14 	   8.871 	  9.370 	  0.427 
  2011 	      4 	     15 	   8.737 	  8.925 	  0.425 
  2011 	      4 	     16 	   7.775 	  8.827 	  0.413 
  2011 	      4 	     17 	   8.221 	  9.157 	  0.407 
  2011 	      4 	     18 	   9.792 	  9.863 	  0.406 
  2011 	      4 	     19 	  11.079 	 10.603 	  0.399 
  2011 	      4 	     20 	  12.779 	 11.549 	  0.390 
  2011 	      4 	     21 	  14.038 	 12.626 	  0.383 
  2011 	      4 	     22 	  13.413 	 12.399 	  0.389 
  2011 	      4 	     23 	  14.317 	 12.437 	  0.373 
  2011 	      4 	     24 	  14.654 	 13.803 	  0.414 
  2011 	      4 	     25 	  15.583 	 13.719 	  0.369 
  2011 	      4 	     26 	  14.633 	 13.555 	  0.349 
  2011 	      4 	     27 	  10.650 	 11.820 	  0.349 
  2011 	      4 	     28 	  10.929 	 11.448 	  0.353 
  2011 	      4 	     29 	  12.413 	 11.879 	  0.403 
  2011 	      4 	     30 	  11.837 	 12.306 	  0.385 
  2011 	      5 	      1 	  11.821 	 12.088 	  0.356 
  2011 	      5 	      2 	  13.408 	 12.266 	  0.345 
  2011 	      5 	      3 	  10.733 	 11.304 	  0.505 
  2011 	      5 	      4 	  10.317 	 11.128 	  0.373 
  2011 	      5 	      5 	  10.175 	 10.961 	  0.344 
  2011 	      5 	      6 	  13.421 	 11.669 	  0.336 
  2011 	      5 	      7 	  15.371 	 13.392 	  0.338 
  2011 	      5 	      8 	  17.238 	 14.443 	  0.328 
  2011 	      5 	      9 	  16.758 	 14.391 	  0.311 
  2011 	      5 	     10 	  16.717 	 13.988 	  0.302 
  2011 	      5 	     11 	  16.400 	 14.583 	  0.303 
  2011 	      5 	     12 	  14.617 	 14.100 	  0.522 
  2011 	      5 	     13 	  15.150 	 14.586 	  0.453 
  2011 	      5 	     14 	  13.300 	 13.588 	  0.472 
  2011 	      5 	     15 	   9.642 	 11.953 	  0.446 
  2011 	      5 	     16 	  10.300 	 11.062 	  0.346 
  2011 	      5 	     17 	  12.871 	 12.058 	  0.326 
  2011 	      5 	     18 	  15.646 	 13.612 	  0.315 
  2011 	      5 	     19 	  16.696 	 14.635 	  0.327 
  2011 	      5 	     20 	  15.737 	 14.471 	  0.550 
  2011 	      5 	     21 	  16.817 	 15.120 	  0.327 
  2011 	      5 	     22 	  17.833 	 15.546 	  0.310 
  2011 	      5 	     23 	  17.504 	 16.027 	  0.300 
  2011 	      5 	     24 	  18.029 	 16.148 	  0.283 
  2011 	      5 	     25 	  16.954 	 16.058 	  0.271 
  2011 	      5 	     26 	  18.617 	 16.159 	  0.266 
  2011 	      5 	     27 	  13.821 	 14.827 	  0.271 
  2011 	      5 	     28 	  12.721 	 13.453 	  0.280 
  2011 	      5 	     29 	  15.350 	 14.166 	  0.264 
  2011 	      5 	     30 	  18.854 	 15.584 	  0.252 
  2011 	      5 	     31 	  13.700 	 15.166 	  0.296 
  2011 	      6 	      1 	  10.775 	 11.936 	  0.602 
  2011 	      6 	      2 	  14.508 	 12.563 	  0.332 
  2011 	      6 	      3 	  17.067 	 14.906 	  0.303 
  2011 	      6 	      4 	  17.837 	 15.602 	  0.345 
  2011 	      6 	      5 	  16.383 	 15.408 	  0.404 
  2011 	      6 	      6 	  16.433 	 15.657 	  0.495 
  2011 	      6 	      7 	  15.958 	 15.480 	  0.328 
  2011 	      6 	      8 	  13.646 	 14.496 	  0.611 
  2011 	      6 	      9 	  12.850 	 13.541 	  0.404 
  2011 	      6 	     10 	  13.079 	 13.415 	  0.338 
  2011 	      6 	     11 	  14.975 	 14.065 	  0.341 
  2011 	      6 	     12 	  15.908 	 14.928 	  0.303 
  2011 	      6 	     13 	  16.517 	 15.486 	  0.289 
  2011 	      6 	     14 	  18.183 	 16.383 	  0.265 
  2011 	      6 	     15 	  19.021 	 17.257 	  0.257 
  2011 	      6 	     16 	  16.825 	 16.681 	  0.252 
  2011 	      6 	     17 	  17.067 	 16.580 	  0.324 
  2011 	      6 	     18 	  14.346 	 14.835 	  1.435 
  2011 	      6 	     19 	  14.413 	 14.096 	  0.469 
  2011 	      6 	     20 	  17.675 	 15.539 	  0.329 
  2011 	      6 	     21 	  20.296 	 17.244 	  0.303 
  2011 	      6 	     22 	  18.071 	 17.347 	  0.915 
  2011 	      6 	     23 	  16.842 	 16.084 	  0.806 
  2011 	      6 	     24 	  16.175 	 15.593 	  0.364 
  2011 	      6 	     25 	  16.625 	 15.405 	  0.314 
  2011 	      6 	     26 	  19.938 	 17.085 	  0.288 
  2011 	      6 	     27 	  22.442 	 18.601 	  0.269 
  2011 	      6 	     28 	  23.654 	 19.907 	  0.253 
  2011 	      6 	     29 	  20.954 	 18.770 	  0.248 
  2011 	      6 	     30 	  18.296 	 17.881 	  0.332 
  2011 	      7 	      1 	  16.087 	 16.288 	  0.246 
  2011 	      7 	      2 	  15.458 	 15.444 	  0.229 
  2011 	      7 	      3 	  15.813 	 15.321 	  0.222 
  2011 	      7 	      4 	  18.308 	 15.852 	  0.212 
  2011 	      7 	      5 	  20.642 	 17.334 	  0.208 
  2011 	      7 	      6 	  20.504 	 17.257 	  0.199 
  2011 	      7 	      7 	  20.325 	 18.213 	  0.225 
  2011 	      7 	      8 	  17.754 	 17.128 	  0.766 
  2011 	      7 	      9 	  20.050 	 18.061 	  0.253 
  2011 	      7 	     10 	  18.092 	 17.221 	  0.834 
  2011 	      7 	     11 	  19.967 	 18.058 	  0.328 
  2011 	      7 	     12 	  21.733 	 18.950 	  0.259 
  2011 	      7 	     13 	  17.896 	 18.087 	  0.806 
  2011 	      7 	     14 	  15.954 	 16.281 	  0.598 
  2011 	      7 	     15 	  15.342 	 15.743 	  0.300 
  2011 	      7 	     16 	  18.300 	 16.113 	  0.263 
  2011 	      7 	     17 	  16.033 	 15.402 	  2.494 
  2011 	      7 	     18 	  14.371 	 14.245 	  0.990 
  2011 	      7 	     19 	  11.975 	 13.160 	  0.502 
  2011 	      7 	     20 	  13.633 	 13.353 	  0.544 
  2011 	      7 	     21 	  14.408 	 13.850 	  0.545 
  2011 	      7 	     22 	  16.071 	 14.807 	  0.455 
  2011 	      7 	     23 	  15.529 	 15.334 	  0.453 
  2011 	      7 	     24 	  12.504 	 13.356 	  0.768 
  2011 	      7 	     25 	  12.658 	 12.729 	  0.418 
  2011 	      7 	     26 	  15.371 	 13.535 	  0.352 
  2011 	      7 	     27 	  17.079 	 15.304 	  0.328 
  2011 	      7 	     28 	  16.242 	 15.850 	  0.347 
  2011 	      7 	     29 	  17.046 	 16.250 	  0.340 
  2011 	      7 	     30 	  17.379 	 16.271 	  0.295 
  2011 	      7 	     31 	  16.892 	 16.162 	  0.273 
  2011 	      8 	      1 	  17.413 	 16.345 	  0.265 
  2011 	      8 	      2 	  19.733 	 17.031 	  0.256 
  2011 	      8 	      3 	  21.558 	 17.639 	  0.249 
  2011 	      8 	      4 	  22.104 	 18.584 	  0.245 
  2011 	      8 	      5 	  19.075 	 18.199 	  0.245 
  2011 	      8 	      6 	  19.221 	 17.816 	  0.277 
  2011 	      8 	      7 	  18.858 	 17.986 	  0.576 
  2011 	      8 	      8 	  16.950 	 16.650 	  0.282 
  2011 	      8 	      9 	  15.063 	 15.352 	  0.294 
  2011 	      8 	     10 	  14.596 	 15.104 	  0.264 
  2011 	      8 	     11 	  17.100 	 15.199 	  0.234 
  2011 	      8 	     12 	  18.271 	 15.635 	  0.219 
  2011 	      8 	     13 	  20.204 	 16.598 	  0.217 
  2011 	      8 	     14 	  19.858 	 17.301 	  0.219 
  2011 	      8 	     15 	  19.583 	 17.605 	  0.808 
  2011 	      8 	     16 	  19.642 	 18.099 	  0.318 
  2011 	      8 	     17 	  20.629 	 18.257 	  0.256 
  2011 	      8 	     18 	  22.958 	 18.922 	  0.235 
  2011 	      8 	     19 	  24.271 	 19.577 	  0.218 
  2011 	      8 	     20 	  23.150 	 20.149 	  0.238 
  2011 	      8 	     21 	  23.142 	 19.793 	  0.202 
  2011 	      8 	     22 	  23.642 	 19.878 	  0.189 
  2011 	      8 	     23 	  23.050 	 19.932 	  0.184 
  2011 	      8 	     24 	  21.267 	 19.575 	  0.175 
  2011 	      8 	     25 	  21.808 	 19.432 	  0.181 
  2011 	      8 	     26 	  17.821 	 18.557 	  0.213 
  2011 	      8 	     27 	  13.108 	 14.852 	  0.729 
  2011 	      8 	     28 	  13.942 	 14.190 	  0.252 
  2011 	      8 	     29 	  14.779 	 14.562 	  0.217 
  2011 	      8 	     30 	  15.621 	 14.949 	  0.206 
  2011 	      8 	     31 	  17.637 	 15.091 	  0.198 
  2011 	      9 	      1 	  19.254 	 16.681 	  0.400 
  2011 	      9 	      2 	  20.400 	 17.632 	  0.227 
  2011 	      9 	      3 	  19.450 	 17.582 	  0.309 
  2011 	      9 	      4 	  18.821 	 17.508 	  0.388 
  2011 	      9 	      5 	  16.929 	 16.722 	  0.526 
  2011 	      9 	      6 	  15.125 	 14.990 	  0.277 
  2011 	      9 	      7 	  12.174 	 14.676 	  0.241 
  2011 	      9 	      8 	  12.109 	 15.770 	  0.221 
  2011 	      9 	      9 	  11.798 	 17.068 	  0.226 
  2011 	      9 	     10 	  12.497 	 17.132 	  0.212 
  2011 	      9 	     11 	  12.353 	 16.962 	  0.199 
  2011 	      9 	     12 	  13.710 	 16.466 	  0.227 
  2011 	      9 	     13 	  18.592 	 15.977 	  0.186 
  2011 	      9 	     14 	  17.571 	 16.580 	  0.261 
  2011 	      9 	     15 	  14.821 	 15.513 	  0.204 
  2011 	      9 	     16 	  16.783 	 15.054 	  0.189 
  2011 	      9 	     17 	  17.588 	 16.062 	  0.244 
  2011 	      9 	     18 	  11.338 	 14.010 	  1.349 
  2011 	      9 	     19 	  10.146 	 12.088 	  0.517 
  2011 	      9 	     20 	  10.100 	 11.285 	  0.366 
  2011 	      9 	     21 	  11.779 	 11.526 	  0.291 
  2011 	      9 	     22 	  12.729 	 12.334 	  0.262 
  2011 	      9 	     23 	  12.871 	 12.379 	  0.247 
  2011 	      9 	     24 	  12.696 	 12.634 	  0.240 
  2011 	      9 	     25 	  14.717 	 13.363 	  0.235 
  2011 	      9 	     26 	  14.321 	 13.276 	  0.221 
  2011 	      9 	     27 	  14.646 	 13.205 	  0.207 
  2011 	      9 	     28 	  14.729 	 13.583 	  0.205 
  2011 	      9 	     29 	  13.850 	 13.345 	  0.205 
  2011 	      9 	     30 	  15.558 	 14.233 	  0.204 
  2011 	     10 	      1 	  13.204 	 14.039 	  0.209 
  2011 	     10 	      2 	  12.683 	 13.825 	  0.207 
  2011 	     10 	      3 	  13.392 	 13.155 	  0.200 
  2011 	     10 	      4 	  13.292 	 12.661 	  0.196 
  2011 	     10 	      5 	  12.637 	 12.209 	  0.193 
  2011 	     10 	      6 	  13.588 	 12.348 	  0.202 
  2011 	     10 	      7 	   9.250 	 11.555 	  0.520 
  2011 	     10 	      8 	   7.900 	  9.930 	  0.288 
  2011 	     10 	      9 	   9.242 	  9.916 	  0.348 
  2011 	     10 	     10 	  12.717 	 11.354 	  0.355 
  2011 	     10 	     11 	  13.396 	 12.196 	  0.281 
  2011 	     10 	     12 	  12.900 	 12.152 	  0.247 
  2011 	     10 	     13 	  13.388 	 11.637 	  0.237 
  2011 	     10 	     14 	  10.892 	 11.099 	  0.220 
  2011 	     10 	     15 	   8.563 	  9.751 	  0.220 
  2011 	     10 	     16 	   9.438 	  9.825 	  0.225 
  2011 	     10 	     17 	   9.600 	 10.020 	  0.223 
  2011 	     10 	     18 	   8.912 	  9.061 	  0.213 
  2011 	     10 	     19 	   8.917 	  9.555 	  0.805 
  2011 	     10 	     20 	   5.417 	  7.588 	  0.432 
  2011 	     10 	     21 	   3.121 	  6.056 	  0.287 
  2011 	     10 	     22 	   3.579 	  5.514 	  0.266 
  2011 	     10 	     23 	   5.037 	  6.017 	  0.265 
  2011 	     10 	     24 	   5.946 	  6.720 	  0.244 
  2011 	     10 	     25 	   9.333 	  7.677 	  0.234 
  2011 	     10 	     26 	   7.525 	  8.257 	  0.228 
  2011 	     10 	     27 	   5.617 	  6.859 	  0.230 
  2011 	     10 	     28 	   7.962 	  7.496 	  0.233 
  2011 	     10 	     29 	  10.246 	  8.279 	  0.236 
  2011 	     10 	     30 	  10.913 	  9.151 	  0.239 
  2011 	     10 	     31 	   9.388 	  8.794 	  0.242 
  2011 	     11 	      1 	  10.600 	  9.158 	  0.246 
  2011 	     11 	      2 	  10.238 	  9.666 	  0.249 
  2011 	     11 	      3 	   9.338 	  9.535 	  0.252 
  2011 	     11 	      4 	   9.688 	  9.209 	  0.255 
  2011 	     11 	      5 	   8.779 	  8.729 	  0.259 
  2011 	     11 	      6 	   8.129 	  8.071 	  0.262 
  2011 	     11 	      7 	   9.650 	  8.734 	  0.265 
  2011 	     11 	      8 	  10.133 	  9.719 	  0.269 
  2011 	     11 	      9 	   8.683 	  9.484 	  0.274 
  2011 	     11 	     10 	   6.667 	  8.550 	  0.270 
  2011 	     11 	     11 	   7.121 	  8.310 	  0.268 
  2011 	     11 	     12 	   7.767 	  8.178 	  0.264 
  2011 	     11 	     13 	   6.438 	  7.782 	  0.257 
  2011 	     11 	     14 	   5.071 	  7.130 	  0.256 
  2011 	     11 	     15 	   3.808 	  6.298 	  0.258 
  2011 	     11 	     16 	   1.842 	  5.368 	  0.255 
  2011 	     11 	     17 	   1.033 	  4.145 	  0.245 
  2011 	     11 	     18 	   1.917 	  3.712 	  0.246 
  2011 	     11 	     19 	   3.725 	  4.326 	  0.250 
  2011 	     11 	     20 	   3.038 	  3.939 	  0.248 
  2011 	     11 	     21 	   3.100 	  3.913 	  0.248 
  2011 	     11 	     22 	   2.871 	  3.817 	  0.246 
  2011 	     11 	     23 	   3.825 	  3.942 	  0.241 
  2011 	     11 	     24 	   2.279 	  3.799 	  0.239 
  2011 	     11 	     25 	   1.533 	  3.983 	  0.249 
  2011 	     11 	     26 	   1.737 	  3.936 	  0.247 
  2011 	     11 	     27 	   2.846 	  3.499 	  0.247 
  2011 	     11 	     28 	   3.708 	  3.340 	  0.236 
  2011 	     11 	     29 	   4.296 	  4.158 	  0.236 
  2011 	     11 	     30 	   5.771 	  4.480 	  0.237 
  2011 	     12 	      1 	   5.171 	  4.430 	  0.236 
  2011 	     12 	      2 	   7.292 	  4.427 	  0.268 
  2011 	     12 	      3 	   6.446 	  5.907 	  0.581 
  2011 	     12 	      4 	   9.408 	  6.793 	  0.586 
  2011 	     12 	      5 	   6.196 	  6.980 	  1.414 
  2011 	     12 	      6 	   4.379 	  5.326 	  0.675 
  2011 	     12 	      7 	   6.387 	  5.569 	  0.941 
  2011 	     12 	      8 	   5.804 	  5.610 	  1.232 
  2011 	     12 	      9 	   8.246 	  5.348 	  0.689 
  2011 	     12 	     10 	   9.004 	  6.901 	  0.522 
  2011 	     12 	     11 	   4.737 	  6.167 	  0.445 
  2011 	     12 	     12 	   4.033 	  5.299 	  0.841 
  2011 	     12 	     13 	   2.933 	  4.095 	  0.863 
  2011 	     12 	     14 	   6.921 	  5.730 	  1.633 
  2011 	     12 	     15 	   5.075 	  5.587 	  1.806 
  2011 	     12 	     16 	   6.133 	  6.222 	 11.751 
  2011 	     12 	     17 	   2.092 	  5.204 	  4.186 
  2011 	     12 	     18 	   0.800 	  4.154 	  2.342 
  2011 	     12 	     19 	  -3.592 	  2.698 	  1.716 
  2011 	     12 	     20 	  -0.808 	  1.696 	  1.491 
  2011 	     12 	     21 	   1.171 	  3.079 	  1.430 
  2011 	     12 	     22 	   3.550 	  4.344 	  2.488 
  2011 	     12 	     23 	   4.179 	  5.627 	  3.544 
  2011 	     12 	     24 	   3.287 	  5.230 	  3.043 
  2011 	     12 	     25 	  -1.054 	  2.785 	  2.018 
  2011 	     12 	     26 	  -0.850 	  2.075 	  1.544 
  2011 	     12 	     27 	  -1.808 	  2.067 	  1.307 
  2011 	     12 	     28 	  -0.158 	  2.384 	  1.153 
  2011 	     12 	     29 	   3.150 	  2.944 	  1.064 
  2011 	     12 	     30 	   2.221 	  2.882 	  1.138 
  2011 	     12 	     31 	   4.025 	  3.732 	  3.271 
  2012 	      1 	      1 	   7.163 	  5.899 	  4.877 
  2012 	      1 	      2 	   6.404 	  5.999 	  4.190 
  2012 	      1 	      3 	   4.162 	  4.793 	  3.344 
  2012 	      1 	      4 	   5.400 	  5.171 	  4.719 
  2012 	      1 	      5 	   4.321 	  4.575 	  8.086 
  2012 	      1 	      6 	   2.438 	  4.448 	  5.488 
  2012 	      1 	      7 	   1.333 	  3.806 	  2.785 
  2012 	      1 	      8 	   4.292 	  4.957 	  2.895 
  2012 	      1 	      9 	   2.687 	  4.389 	  2.401 
  2012 	      1 	     10 	   4.654 	  4.749 	  1.966 
  2012 	      1 	     11 	   2.404 	  4.446 	  1.684 
  2012 	      1 	     12 	   1.354 	  4.260 	  1.522 
  2012 	      1 	     13 	   1.638 	  3.425 	  1.353 
  2012 	      1 	     14 	   1.412 	  2.051 	  1.246 
  2012 	      1 	     15 	  -0.487 	  0.833 	  1.104 
  2012 	      1 	     16 	  -2.225 	  0.109 	  0.967 
  2012 	      1 	     17 	  -4.037 	  0.030 	  0.981 
  2012 	      1 	     18 	  -2.883 	  0.036 	  1.342 
  2012 	      1 	     19 	   5.017 	  1.178 	  1.123 
  2012 	      1 	     20 	   5.179 	  3.375 	  1.256 
  2012 	      1 	     21 	   5.608 	  4.246 	  2.231 
  2012 	      1 	     22 	   7.696 	  5.592 	  2.596 
  2012 	      1 	     23 	   5.567 	  5.079 	  1.861 
  2012 	      1 	     24 	   4.233 	  4.831 	  1.654 
  2012 	      1 	     25 	   3.658 	  4.835 	  1.892 
  2012 	      1 	     26 	   4.379 	  5.060 	  1.645 
  2012 	      1 	     27 	   4.750 	  5.300 	  1.593 
  2012 	      1 	     28 	   2.787 	  4.722 	  1.827 
  2012 	      1 	     29 	   1.125 	  3.411 	  1.688 
  2012 	      1 	     30 	   0.362 	  2.979 	  1.455 
  2012 	      1 	     31 	  -0.704 	  2.333 	  1.357 
  2012 	      2 	      1 	  -3.613 	  1.060 	  1.191 
  2012 	      2 	      2 	  -6.546 	  0.031 	  1.210 
  2012 	      2 	      3 	  -8.942 	  0.045 	  1.249 
  2012 	      2 	      4 	  -9.558 	  0.045 	  1.247 
  2012 	      2 	      5 	  -10.142 	  0.055 	  1.246 
  2012 	      2 	      6 	  -9.696 	  0.060 	  1.245 
  2012 	      2 	      7 	  -9.671 	  0.060 	  1.243 
  2012 	      2 	      8 	  -7.925 	  0.060 	  1.242 
  2012 	      2 	      9 	  -5.979 	  0.055 	  1.241 
  2012 	      2 	     10 	  -6.633 	  0.050 	  1.240 
  2012 	      2 	     11 	  -7.896 	  0.055 	  1.238 
  2012 	      2 	     12 	  -7.879 	  0.060 	  1.237 
  2012 	      2 	     13 	  -7.658 	  0.055 	  1.236 
  2012 	      2 	     14 	  -2.696 	  0.045 	  1.235 
  2012 	      2 	     15 	   0.871 	  0.035 	  1.233 
  2012 	      2 	     16 	   1.187 	  0.030 	  1.232 
  2012 	      2 	     17 	  -0.250 	  0.045 	  1.231 
  2012 	      2 	     18 	  -0.275 	  0.050 	  1.229 
  2012 	      2 	     19 	   3.004 	  0.025 	  1.228 
  2012 	      2 	     20 	   0.292 	  0.038 	  1.227 
  2012 	      2 	     21 	  -1.754 	  0.048 	  1.226 
  2012 	      2 	     22 	  -1.600 	  0.055 	  1.224 
  2012 	      2 	     23 	   0.829 	  0.052 	  1.223 
  2012 	      2 	     24 	   2.850 	  0.049 	  1.218 
  2012 	      2 	     25 	   2.363 	  0.041 	  1.181 
  2012 	      2 	     26 	   2.867 	  0.062 	  1.137 
  2012 	      2 	     27 	   1.667 	  0.302 	  1.093 
  2012 	      2 	     28 	   1.571 	  0.701 	  1.050 
  2012 	      2 	     29 	   4.192 	  1.304 	  1.008 
  2012 	      3 	      1 	   4.283 	  1.908 	  0.967 
  2012 	      3 	      2 	   4.508 	  2.376 	  0.924 
  2012 	      3 	      3 	   6.804 	  2.933 	  0.940 
  2012 	      3 	      4 	   5.533 	  3.311 	  0.913 
  2012 	      3 	      5 	   4.362 	  3.835 	  0.911 
  2012 	      3 	      6 	   3.204 	  2.949 	  0.810 
  2012 	      3 	      7 	   3.325 	  2.562 	  0.768 
  2012 	      3 	      8 	   5.038 	  3.799 	  0.811 
  2012 	      3 	      9 	   2.733 	  3.224 	  0.732 
  2012 	      3 	     10 	   3.333 	  2.735 	  0.700 
  2012 	      3 	     11 	   7.142 	  3.868 	  0.726 
  2012 	      3 	     12 	   8.713 	  5.052 	  0.738 
  2012 	      3 	     13 	   9.729 	  5.937 	  0.747 
  2012 	      3 	     14 	   6.829 	  5.630 	  0.710 
  2012 	      3 	     15 	   5.829 	  5.498 	  0.677 
  2012 	      3 	     16 	   7.792 	  5.774 	  0.671 
  2012 	      3 	     17 	   7.854 	  6.197 	  0.656 
  2012 	      3 	     18 	   4.658 	  5.597 	  0.829 
  2012 	      3 	     19 	   4.862 	  5.403 	  0.690 
  2012 	      3 	     20 	   5.942 	  5.999 	  0.827 
  2012 	      3 	     21 	   7.125 	  6.104 	  0.603 
  2012 	      3 	     22 	   7.667 	  6.863 	  0.564 
  2012 	      3 	     23 	   8.392 	  7.327 	  0.544 
  2012 	      3 	     24 	   8.938 	  7.804 	  0.526 
  2012 	      3 	     25 	  10.096 	  8.202 	  0.513 
  2012 	      3 	     26 	  10.542 	  8.472 	  0.486 
  2012 	      3 	     27 	  10.092 	  8.305 	  0.466 
  2012 	      3 	     28 	  10.596 	  8.377 	  0.461 
  2012 	      3 	     29 	   9.484 	  8.716 	  0.454 
  2012 	      3 	     30 	  10.692 	  9.446 	  0.453 
  2012 	      3 	     31 	   9.658 	  8.977 	  0.449 
  2012 	      4 	      1 	   7.567 	  8.742 	  0.447 
  2012 	      4 	      2 	   8.458 	  7.931 	  0.440 
  2012 	      4 	      3 	  13.329 	 10.075 	  0.449 
  2012 	      4 	      4 	  10.421 	 10.317 	  0.762 
  2012 	      4 	      5 	  10.046 	 10.067 	  0.916 
  2012 	      4 	      6 	  10.279 	 10.611 	  0.568 
  2012 	      4 	      7 	   9.454 	  9.759 	  1.389 
  2012 	      4 	      8 	   5.042 	  7.960 	  0.901 
  2012 	      4 	      9 	   5.567 	  6.513 	  0.664 
  2012 	      4 	     10 	  10.388 	  7.986 	  0.783 
  2012 	      4 	     11 	   6.729 	  7.843 	  2.864 
  2012 	      4 	     12 	   6.225 	  7.098 	  2.102 
  2012 	      4 	     13 	   8.287 	  8.200 	  2.195 
  2012 	      4 	     14 	   7.304 	  7.761 	  1.584 
  2012 	      4 	     15 	   6.692 	  7.217 	  2.003 
  2012 	      4 	     16 	   6.100 	  6.961 	  2.254 
  2012 	      4 	     17 	   7.533 	  7.506 	  1.708 
  2012 	      4 	     18 	   7.775 	  8.409 	  1.453 
  2012 	      4 	     19 	   7.275 	  8.140 	  1.522 
  2012 	      4 	     20 	   7.242 	  8.503 	  1.454 
  2012 	      4 	     21 	   8.804 	  8.790 	  1.468 
  2012 	      4 	     22 	   7.417 	  8.247 	  1.927 
  2012 	      4 	     23 	   7.962 	  8.776 	  1.988 
  2012 	      4 	     24 	   6.721 	  7.997 	  2.423 
  2012 	      4 	     25 	   8.775 	  7.724 	  2.027 
  2012 	      4 	     26 	  11.892 	  9.571 	  1.590 
  2012 	      4 	     27 	  12.925 	 10.902 	  1.317 
  2012 	      4 	     28 	  17.363 	 12.828 	  1.199 
  2012 	      4 	     29 	  17.675 	 13.913 	  1.079 
  2012 	      4 	     30 	  13.775 	 12.888 	  0.973 
  2012 	      5 	      1 	  11.992 	 12.215 	  1.077 
  2012 	      5 	      2 	  11.304 	 12.050 	  1.028 
  2012 	      5 	      3 	  11.183 	 11.754 	  0.882 
  2012 	      5 	      4 	  14.308 	 12.694 	  0.823 
  2012 	      5 	      5 	  12.971 	 13.290 	  0.890 
  2012 	      5 	      6 	  11.983 	 12.449 	  0.964 
  2012 	      5 	      7 	  12.167 	 12.094 	  0.737 
  2012 	      5 	      8 	  10.904 	 11.134 	  0.722 
  2012 	      5 	      9 	  15.087 	 12.853 	  0.783 
  2012 	      5 	     10 	  17.504 	 14.358 	  0.668 
  2012 	      5 	     11 	  20.437 	 15.787 	  0.630 
  2012 	      5 	     12 	  14.108 	 14.236 	  0.718 
  2012 	      5 	     13 	  10.604 	 12.091 	  0.677 
  2012 	      5 	     14 	  10.238 	 11.094 	  0.605 
  2012 	      5 	     15 	   9.858 	 10.356 	  0.573 
  2012 	      5 	     16 	   7.079 	  9.880 	  0.551 
  2012 	      5 	     17 	   9.438 	  9.489 	  0.551 
  2012 	      5 	     18 	  12.908 	 10.912 	  0.562 
  2012 	      5 	     19 	  14.554 	 12.265 	  0.576 
  2012 	      5 	     20 	  16.475 	 13.226 	  0.549 
  2012 	      5 	     21 	  14.154 	 13.610 	  0.660 
  2012 	      5 	     22 	  13.779 	 13.123 	  1.313 
  2012 	      5 	     23 	  16.804 	 14.127 	  0.644 
  2012 	      5 	     24 	  19.012 	 15.606 	  0.562 
  2012 	      5 	     25 	  19.154 	 16.507 	  0.531 
  2012 	      5 	     26 	  16.800 	 15.721 	  0.502 
  2012 	      5 	     27 	  16.221 	 15.249 	  0.476 
  2012 	      5 	     28 	  16.571 	 15.377 	  0.455 
  2012 	      5 	     29 	  17.458 	 15.628 	  0.446 
  2012 	      5 	     30 	  18.588 	 15.740 	  0.426 
  2012 	      5 	     31 	  18.754 	 15.588 	  0.850 
  2012 	      6 	      1 	  19.008 	 16.919 	  0.482 
  2012 	      6 	      2 	  19.887 	 17.011 	  0.452 
  2012 	      6 	      3 	  16.367 	 15.967 	  1.405 
  2012 	      6 	      4 	  14.413 	 14.343 	  1.127 
  2012 	      6 	      5 	  15.629 	 14.712 	  0.682 
  2012 	      6 	      6 	  15.117 	 14.076 	  0.673 
  2012 	      6 	      7 	  17.783 	 15.446 	  0.634 
  2012 	      6 	      8 	  15.446 	 14.400 	  3.890 
  2012 	      6 	      9 	  15.917 	 14.182 	  1.622 
  2012 	      6 	     10 	  14.437 	 13.900 	  1.041 
  2012 	      6 	     11 	  14.471 	 13.827 	  1.165 
  2012 	      6 	     12 	  12.379 	 12.946 	  1.487 
  2012 	      6 	     13 	  12.275 	 12.228 	  1.757 
  2012 	      6 	     14 	  13.908 	 12.825 	  1.360 
  2012 	      6 	     15 	  18.287 	 14.066 	  0.974 
  2012 	      6 	     16 	  21.075 	 16.049 	  0.776 
  2012 	      6 	     17 	  20.408 	 17.247 	  0.676 
  2012 	      6 	     18 	  21.054 	 17.647 	  0.611 
  2012 	      6 	     19 	  20.121 	 16.990 	  0.574 
  2012 	      6 	     20 	  19.112 	 16.937 	  0.798 
  2012 	      6 	     21 	  19.121 	 17.520 	  0.664 
  2012 	      6 	     22 	  17.721 	 16.885 	  0.605 
  2012 	      6 	     23 	  16.942 	 16.254 	  0.497 
  2012 	      6 	     24 	  18.958 	 15.880 	  0.481 
  2012 	      6 	     25 	  18.933 	 16.229 	  0.813 
  2012 	      6 	     26 	  18.454 	 16.466 	  0.633 
  2012 	      6 	     27 	  21.454 	 18.311 	  0.558 
  2012 	      6 	     28 	  22.213 	 18.552 	  0.481 
  2012 	      6 	     29 	  24.404 	 19.908 	  0.444 
  2012 	      6 	     30 	  23.158 	 19.804 	  0.415 
  2012 	      7 	      1 	  16.962 	 17.774 	  0.911 
  2012 	      7 	      2 	  17.050 	 16.104 	  0.816 
  2012 	      7 	      3 	  19.204 	 17.036 	  0.551 
  2012 	      7 	      4 	  18.546 	 17.683 	  0.541 
  2012 	      7 	      5 	  18.713 	 16.925 	  1.145 
  2012 	      7 	      6 	  18.287 	 16.193 	  5.311 
  2012 	      7 	      7 	  20.079 	 16.749 	  1.638 
  2012 	      7 	      8 	  19.554 	 16.743 	  1.251 
  2012 	      7 	      9 	  20.504 	 17.388 	  0.861 
  2012 	      7 	     10 	  19.021 	 16.654 	  0.748 
  2012 	      7 	     11 	  18.588 	 17.050 	  0.671 
  2012 	      7 	     12 	  16.675 	 15.779 	  0.576 
  2012 	      7 	     13 	  17.546 	 15.810 	  0.590 
  2012 	      7 	     14 	  18.650 	 16.637 	  0.635 
  2012 	      7 	     15 	  15.575 	 15.532 	  0.618 
  2012 	      7 	     16 	  15.521 	 14.979 	  0.504 
  2012 	      7 	     17 	  19.117 	 15.870 	  0.458 
  2012 	      7 	     18 	  20.029 	 16.759 	  0.438 
  2012 	      7 	     19 	  22.050 	 17.313 	  0.422 
  2012 	      7 	     20 	  17.729 	 16.380 	  0.426 
  2012 	      7 	     21 	  16.408 	 15.801 	  0.505 
  2012 	      7 	     22 	  16.400 	 15.465 	  0.410 
  2012 	      7 	     23 	  17.504 	 15.566 	  0.387 
  2012 	      7 	     24 	  19.346 	 16.374 	  0.381 
  2012 	      7 	     25 	  21.812 	 17.808 	  0.365 
  2012 	      7 	     26 	  21.679 	 18.507 	  0.348 
  2012 	      7 	     27 	  23.725 	 18.893 	  0.341 
  2012 	      7 	     28 	  21.529 	 18.557 	  0.340 
  2012 	      7 	     29 	  19.021 	 17.543 	  0.620 
  2012 	      7 	     30 	  18.367 	 16.915 	  0.376 
  2012 	      7 	     31 	  20.375 	 17.474 	  0.349 
  2012 	      8 	      1 	  21.058 	 18.032 	  0.346 
  2012 	      8 	      2 	  21.583 	 18.755 	  0.373 
  2012 	      8 	      3 	  21.021 	 18.956 	  0.333 
  2012 	      8 	      4 	  19.962 	 18.527 	  0.330 
  2012 	      8 	      5 	  19.325 	 18.101 	  0.881 
  2012 	      8 	      6 	  16.767 	 16.772 	  1.143 
  2012 	      8 	      7 	  17.096 	 16.217 	  0.499 
  2012 	      8 	      8 	  17.842 	 16.330 	  0.407 
  2012 	      8 	      9 	  18.433 	 16.625 	  0.383 
  2012 	      8 	     10 	  19.042 	 17.101 	  0.360 
  2012 	      8 	     11 	  18.425 	 17.121 	  0.347 
  2012 	      8 	     12 	  18.754 	 16.946 	  0.339 
  2012 	      8 	     13 	  20.075 	 17.919 	  0.334 
  2012 	      8 	     14 	  19.896 	 17.730 	  0.327 
  2012 	      8 	     15 	  22.325 	 18.143 	  0.313 
  2012 	      8 	     16 	  19.046 	 18.256 	  0.479 
  2012 	      8 	     17 	  19.167 	 17.706 	  0.338 
  2012 	      8 	     18 	  21.092 	 18.053 	  0.325 
  2012 	      8 	     19 	  23.092 	 18.821 	  0.304 
  2012 	      8 	     20 	  23.867 	 19.611 	  0.290 
  2012 	      8 	     21 	  23.954 	 20.195 	  0.283 
  2012 	      8 	     22 	  24.396 	 20.470 	  0.288 
  2012 	      8 	     23 	  22.692 	 20.221 	  0.283 
  2012 	      8 	     24 	  20.146 	 19.317 	  0.366 
  2012 	      8 	     25 	  19.667 	 18.694 	  0.598 
  2012 	      8 	     26 	  16.446 	 16.828 	  0.403 
  2012 	      8 	     27 	  15.121 	 15.366 	  0.308 
  2012 	      8 	     28 	  17.129 	 15.300 	  0.299 
  2012 	      8 	     29 	  18.100 	 16.133 	  0.315 
  2012 	      8 	     30 	  16.583 	 16.086 	  0.542 
  2012 	      8 	     31 	  12.958 	 14.077 	  0.579 
  2012 	      9 	      1 	  12.563 	 13.032 	  0.770 
  2012 	      9 	      2 	  15.267 	 13.826 	  0.495 
  2012 	      9 	      3 	  17.700 	 14.850 	  0.402 
  2012 	      9 	      4 	  19.587 	 16.292 	  0.372 
  2012 	      9 	      5 	  18.867 	 16.585 	  0.352 
  2012 	      9 	      6 	  17.479 	 16.483 	  0.341 
  2012 	      9 	      7 	  15.150 	 15.506 	  0.333 
  2012 	      9 	      8 	  16.092 	 15.149 	  0.330 
  2012 	      9 	      9 	  19.308 	 16.027 	  0.321 
  2012 	      9 	     10 	  18.329 	 16.122 	  0.301 
  2012 	      9 	     11 	  17.167 	 15.674 	  0.478 
  2012 	      9 	     12 	  12.962 	 14.535 	  1.240 
  2012 	      9 	     13 	  11.671 	 12.965 	  0.613 
  2012 	      9 	     14 	  11.858 	 12.218 	  0.422 
  2012 	      9 	     15 	  12.700 	 12.284 	  0.377 
  2012 	      9 	     16 	  13.550 	 12.464 	  0.357 
  2012 	      9 	     17 	  15.358 	 13.189 	  0.350 
  2012 	      9 	     18 	  15.004 	 13.251 	  0.347 
  2012 	      9 	     19 	  12.571 	 13.297 	  0.740 
  2012 	      9 	     20 	   9.167 	 10.965 	  0.377 
  2012 	      9 	     21 	  13.204 	 11.174 	  0.358 
  2012 	      9 	     22 	  16.425 	 13.266 	  0.896 
  2012 	      9 	     23 	  15.779 	 14.218 	  0.534 
  2012 	      9 	     24 	  15.042 	 13.983 	  1.813 
  2012 	      9 	     25 	  14.983 	 13.192 	  1.026 
  2012 	      9 	     26 	  11.358 	 12.398 	  0.849 
  2012 	      9 	     27 	  11.175 	 11.679 	  2.267 
  2012 	      9 	     28 	  10.429 	 11.282 	  1.080 
  2012 	      9 	     29 	  11.396 	 11.362 	  1.644 
  2012 	      9 	     30 	  12.413 	 11.937 	  1.766 
  2012 	     10 	      1 	  13.829 	 12.677 	  1.365 
  2012 	     10 	      2 	  12.058 	 12.065 	  0.966 
  2012 	     10 	      3 	  13.737 	 11.957 	  0.781 
  2012 	     10 	      4 	  14.675 	 12.734 	  0.679 
  2012 	     10 	      5 	  12.838 	 12.376 	  0.593 
  2012 	     10 	      6 	  14.246 	 11.909 	  0.541 
  2012 	     10 	      7 	  15.254 	 13.372 	  0.796 
  2012 	     10 	      8 	  13.083 	 12.989 	  0.765 
  2012 	     10 	      9 	  16.321 	 13.957 	  8.481 
  2012 	     10 	     10 	  14.929 	 13.986 	  6.618 
  2012 	     10 	     11 	   7.952 	 13.554 	  3.837 
  2012 	     10 	     12 	  11.917 	 12.744 	  3.034 
  2012 	     10 	     13 	   8.679 	 10.913 	  2.238 
  2012 	     10 	     14 	   9.912 	 10.564 	  1.764 
  2012 	     10 	     15 	   6.908 	  9.972 	  2.461 
  2012 	     10 	     16 	   5.658 	  8.200 	  1.736 
  2012 	     10 	     17 	   8.771 	  9.469 	  1.451 
  2012 	     10 	     18 	   5.467 	  9.831 	  1.259 
  2012 	     10 	     19 	   5.533 	  9.996 	  1.091 
  2012 	     10 	     20 	  12.221 	 10.593 	  0.982 
  2012 	     10 	     21 	  12.221 	 11.203 	  0.907 
  2012 	     10 	     22 	  12.204 	 11.111 	  0.831 
  2012 	     10 	     23 	  10.908 	 11.076 	  0.800 
  2012 	     10 	     24 	  10.958 	 11.047 	  0.790 
  2012 	     10 	     25 	  11.454 	 11.274 	  0.775 
  2012 	     10 	     26 	  10.592 	 11.089 	  0.777 
  2012 	     10 	     27 	   5.233 	  9.285 	  2.215 
  2012 	     10 	     28 	   2.071 	  5.716 	  1.897 
  2012 	     10 	     29 	   2.000 	  5.294 	  1.598 
  2012 	     10 	     30 	   1.746 	  4.989 	  1.508 
  2012 	     10 	     31 	   3.183 	  5.299 	  1.419 
  2012 	     11 	      1 	   7.475 	  6.862 	  1.433 
  2012 	     11 	      2 	  10.600 	  8.151 	  2.474 
  2012 	     11 	      3 	  13.792 	  9.248 	  1.699 
  2012 	     11 	      4 	  11.058 	 10.046 	  5.392 
  2012 	     11 	      5 	   6.921 	  9.322 	  9.038 
  2012 	     11 	      6 	   5.342 	  8.523 	  4.043 
  2012 	     11 	      7 	   4.329 	  7.518 	  2.847 
  2012 	     11 	      8 	   3.387 	  6.745 	  2.225 
  2012 	     11 	      9 	   6.154 	  7.608 	  1.914 
  2012 	     11 	     10 	   9.192 	  9.036 	 21.428 
  2012 	     11 	     11 	   9.342 	  9.565 	 13.888 
  2012 	     11 	     12 	   8.492 	  9.563 	  4.870 
  2012 	     11 	     13 	   7.412 	  8.440 	  3.410 
  2012 	     11 	     14 	   4.875 	  7.025 	  2.753 
  2012 	     11 	     15 	   3.438 	  6.622 	  2.358 
  2012 	     11 	     16 	   4.033 	  7.018 	  2.097 
  2012 	     11 	     17 	   5.829 	  7.621 	  1.899 
  2012 	     11 	     18 	   4.554 	  7.478 	  1.730 
  2012 	     11 	     19 	   4.083 	  6.321 	  1.563 
  2012 	     11 	     20 	   3.754 	  6.335 	  1.475 
  2012 	     11 	     21 	   3.913 	  6.189 	  1.401 
  2012 	     11 	     22 	   7.104 	  7.058 	  1.338 
  2012 	     11 	     23 	   7.225 	  7.542 	  1.284 
  2012 	     11 	     24 	   6.296 	  7.299 	  1.208 
  2012 	     11 	     25 	   8.971 	  7.487 	  1.178 
  2012 	     11 	     26 	   8.625 	  8.654 	  2.075 
  2012 	     11 	     27 	   3.738 	  7.168 	 14.227 
  2012 	     11 	     28 	   5.192 	  7.149 	 10.882 
  2012 	     11 	     29 	   3.233 	  6.475 	  9.039 
  2012 	     11 	     30 	   1.925 	  5.648 	  4.676 
  2012 	     12 	      1 	  -0.658 	  4.546 	  3.305 
  2012 	     12 	      2 	  -0.929 	  3.700 	  2.710 
  2012 	     12 	      3 	  -1.183 	  3.086 	  2.474 
  2012 	     12 	      4 	   3.867 	  4.836 	  9.806 
  2012 	     12 	      5 	   2.112 	  5.264 	  5.166 
  2012 	     12 	      6 	   0.046 	  4.520 	  3.801 
  2012 	     12 	      7 	  -0.675 	  3.273 	  3.259 
  2012 	     12 	      8 	  -0.300 	  3.866 	  2.804 
  2012 	     12 	      9 	  -2.433 	  2.926 	  2.510 
  2012 	     12 	     10 	   1.204 	  3.574 	  2.440 
  2012 	     12 	     11 	  -2.304 	  3.079 	  2.247 
  2012 	     12 	     12 	  -6.575 	  0.372 	  2.062 
  2012 	     12 	     13 	  -5.438 	  0.137 	  2.201 
  2012 	     12 	     14 	   0.200 	  1.622 	  2.095 
  2012 	     12 	     15 	   4.558 	  3.901 	 18.181 
  2012 	     12 	     16 	   6.529 	  5.338 	 10.380 
  2012 	     12 	     17 	   5.550 	  5.715 	  8.476 
  2012 	     12 	     18 	   4.442 	  5.420 	 10.231 
  2012 	     12 	     19 	   2.021 	  5.318 	  5.572 
  2012 	     12 	     20 	   1.446 	  4.520 	  4.479 
  2012 	     12 	     21 	   5.025 	  5.603 	  5.303 
  2012 	     12 	     22 	   4.321 	  5.434 	  6.261 
  2012 	     12 	     23 	   7.967 	  6.432 	  9.087 
  2012 	     12 	     24 	   4.250 	  5.908 	  4.662 
  2012 	     12 	     25 	   8.179 	  6.901 	  5.249 
  2012 	     12 	     26 	   7.150 	  6.588 	  8.866 
  2012 	     12 	     27 	   7.117 	  6.298 	  9.629 
  2012 	     12 	     28 	   5.167 	  6.169 	  6.231 
  2012 	     12 	     29 	   0.346 	  4.864 	  4.331 
  2012 	     12 	     30 	   5.675 	  5.801 	  3.666 
  2012 	     12 	     31 	   1.092 	 -999.000 	  3.545 
